0.00, 0
1.00, 0
2.00, 0
3.00, 0
4.00, 0
5.00, 0
6.00, 0
7.00, 0
8.00, 0
9.00, 0
10.00, 0
11.00, 0
12.00, 0
13.00, 0
14.00, 0
15.00, 0
16.00, 0
17.00, 0
18.00, 0
19.00, 6
20.00, 4
21.00, 4
22.00, 4
23.00, 4
24.00, 4
25.00, 4
26.00, 4
27.00, 4
28.00, 4
29.00, 4
30.00, 4
31.00, 4
32.00, 4
33.00, 4
34.00, 4
35.00, 4
36.00, 4
37.00, 4
38.00, 4
39.00, 4
40.00, 4
41.00, 4
42.00, 4
43.00, 4
44.00, 4
45.00, 4
46.00, 4
47.00, 4
48.00, 4
49.00, 4
50.00, 4
51.00, 4
52.00, 4
53.00, 4
54.00, 4
55.00, 4
56.00, 4
57.00, 4
58.00, 4
59.00, 4
60.00, 4
61.00, 4
62.00, 4
63.00, 4
64.00, 4
65.00, 4
66.00, 4
67.00, 4
68.00, 4
69.00, 4
70.00, 4
71.00, 4
72.00, 4
73.00, 4
74.00, 4
75.00, 4
76.00, 4
77.00, 4
78.00, 4
79.00, 4
80.00, 4
81.00, 4
82.00, 4
83.00, 4
84.00, 4
85.00, 4
86.00, 4
87.00, 4
88.00, 4
89.00, 0
90.00, 8
91.00, 8
92.00, 8
93.00, 8
94.00, 8
95.00, 8
96.00, 8
97.00, 8
98.00, 8
99.00, 8
100.00, 8
101.00, 8
102.00, 8
103.00, 8
104.00, 8
105.00, 8
106.00, 8
107.00, 8
108.00, 8
109.00, 8
110.00, 8
111.00, 8
112.00, 8
113.00, 8
114.00, 8
115.00, 8
116.00, 8
117.00, 8
118.00, 8
119.00, 8
120.00, 8
121.00, 8
122.00, 8
123.00, 8
124.00, 8
125.00, 8
126.00, 8
127.00, 8
128.00, 8
129.00, 8
130.00, 8
131.00, 8
132.00, 8
133.00, 8
134.00, 8
135.00, 8
136.00, 8
137.00, 8
138.00, 8
139.00, 8
140.00, 8
141.00, 8
142.00, 8
143.00, 8
144.00, 8
145.00, 8
146.00, 8
147.00, 8
148.00, 8
149.00, 8
150.00, 8
151.00, 8
152.00, 8
153.00, 8
154.00, 8
155.00, 8
156.00, 8
157.00, 8
158.00, 8
159.00, 8
160.00, 8
161.00, 8
162.00, 8
163.00, 8
164.00, 8
165.00, 8
166.00, 8
167.00, 8
168.00, 8
169.00, 1
170.00, 1
171.00, 1
172.00, 1
173.00, 1
174.00, 1
175.00, 1
176.00, 1
177.00, 1
178.00, 1
179.00, 1
180.00, 1
181.00, 1
182.00, 1
183.00, 1
184.00, 1
185.00, 1
186.00, 1
187.00, 1
188.00, 1
189.00, 1
190.00, 1
191.00, 1
192.00, 1
193.00, 1
194.00, 1
195.00, 1
196.00, 1
197.00, 1
198.00, 1
199.00, 1
200.00, 1
201.00, 1
202.00, 1
203.00, 1
204.00, 1
205.00, 1
206.00, 1
207.00, 1
208.00, 1
209.00, 1
210.00, 1
211.00, 1
212.00, 1
213.00, 1
214.00, 1
215.00, 1
216.00, 1
217.00, 1
218.00, 1
219.00, 1
220.00, 7
221.00, 7
222.00, 7
223.00, 7
224.00, 7
225.00, 7
226.00, 7
227.00, 7
228.00, 7
229.00, 7
230.00, 7
231.00, 7
232.00, 7
233.00, 7
234.00, 7
235.00, 7
236.00, 7
237.00, 7
238.00, 7
239.00, 7
240.00, 6
241.00, 6
242.00, 6
243.00, 6
244.00, 6
245.00, 6
246.00, 6
247.00, 6
248.00, 6
249.00, 6
250.00, 6
251.00, 6
252.00, 6
253.00, 6
254.00, 6
255.00, 6
256.00, 6
257.00, 6
258.00, 6
259.00, 6
260.00, 6
261.00, 6
262.00, 4
263.00, 4
264.00, 4
265.00, 4
266.00, 4
267.00, 4
268.00, 4
269.00, 4
270.00, 4
271.00, 4
272.00, 4
273.00, 4
274.00, 4
275.00, 4
276.00, 4
277.00, 4
278.00, 4
279.00, 4
280.00, 4
281.00, 4
282.00, 4
283.00, 4
284.00, 4
285.00, 4
286.00, 4
287.00, 4
288.00, 4
289.00, 4
290.00, 4
291.00, 4
292.00, 4
293.00, 4
294.00, 4
295.00, 4
296.00, 4
297.00, 4
298.00, 4
299.00, 4
300.00, 4
301.00, 4
302.00, 4
303.00, 4
304.00, 4
305.00, 4
306.00, 4
307.00, 4
308.00, 4
309.00, 4
310.00, 4
311.00, 4
312.00, 4
313.00, 4
314.00, 4
315.00, 4
316.00, 4
317.00, 4
318.00, 4
319.00, 4
320.00, 4
321.00, 4
322.00, 4
323.00, 4
324.00, 4
325.00, 4
326.00, 4
327.00, 6
328.00, 6
329.00, 6
330.00, 6
331.00, 6
332.00, 6
333.00, 6
334.00, 6
335.00, 6
336.00, 6
337.00, 6
338.00, 6
339.00, 6
340.00, 6
341.00, 6
342.00, 6
343.00, 6
344.00, 0
345.00, 0
346.00, 0
347.00, 0
348.00, 0
349.00, 0
350.00, 0
351.00, 0
352.00, 0
353.00, 0
354.00, 0
355.00, 0
356.00, 0
357.00, 0
358.00, 0
359.00, 0
360.00, 0
361.00, 0
362.00, 0
363.00, 0
364.00, 0
365.00, 0
366.00, 0
367.00, 0
368.00, 0
369.00, 0
370.00, 2
371.00, 2
372.00, 2
373.00, 2
374.00, 2
375.00, 2
376.00, 2
377.00, 2
378.00, 2
379.00, 2
380.00, 2
381.00, 2
382.00, 2
383.00, 2
384.00, 2
385.00, 2
386.00, 2
387.00, 2
388.00, 2
389.00, 2
390.00, 2
391.00, 2
392.00, 2
393.00, 2
394.00, 2
395.00, 2
396.00, 2
397.00, 2
398.00, 2
399.00, 2
400.00, 2
401.00, 2
402.00, 2
403.00, 2
404.00, 2
405.00, 2
406.00, 4
407.00, 4
408.00, 4
409.00, 4
410.00, 4
411.00, 4
412.00, 4
413.00, 4
414.00, 4
415.00, 4
416.00, 4
417.00, 4
418.00, 4
419.00, 4
420.00, 4
421.00, 4
422.00, 4
423.00, 4
424.00, 4
425.00, 4
426.00, 4
427.00, 4
428.00, 4
429.00, 4
430.00, 4
431.00, 4
432.00, 4
433.00, 4
434.00, 4
435.00, 4
436.00, 4
437.00, 4
438.00, 4
439.00, 4
440.00, 4
441.00, 4
442.00, 4
443.00, 4
444.00, 4
445.00, 4
446.00, 4
447.00, 4
448.00, 4
449.00, 4
450.00, 4
451.00, 4
452.00, 4
453.00, 4
454.00, 4
455.00, 4
456.00, 4
457.00, 4
458.00, 4
459.00, 4
460.00, 4
461.00, 4
462.00, 4
463.00, 4
464.00, 4
465.00, 4
466.00, 4
467.00, 4
468.00, 4
469.00, 2
470.00, 2
471.00, 2
472.00, 2
473.00, 2
474.00, 2
475.00, 2
476.00, 2
477.00, 2
478.00, 2
479.00, 2
480.00, 3
481.00, 3
482.00, 3
483.00, 3
484.00, 3
485.00, 3
486.00, 3
487.00, 3
488.00, 3
489.00, 3
490.00, 3
491.00, 3
492.00, 3
493.00, 3
494.00, 3
495.00, 3
496.00, 3
497.00, 3
498.00, 3
499.00, 3
500.00, 3
501.00, 3
502.00, 3
503.00, 3
504.00, 3
505.00, 3
506.00, 3
507.00, 3
508.00, 3
509.00, 5
510.00, 5
511.00, 5
512.00, 5
513.00, 5
514.00, 5
515.00, 5
516.00, 5
517.00, 5
518.00, 5
519.00, 5
520.00, 5
521.00, 5
522.00, 5
523.00, 5
524.00, 5
525.00, 5
526.00, 5
527.00, 5
528.00, 5
529.00, 5
530.00, 5
531.00, 5
532.00, 5
533.00, 5
534.00, 5
535.00, 5
536.00, 5
537.00, 5
538.00, 3
539.00, 3
540.00, 3
541.00, 3
542.00, 3
543.00, 3
544.00, 3
545.00, 3
546.00, 3
547.00, 3
548.00, 4
549.00, 4
550.00, 4
551.00, 4
552.00, 4
553.00, 4
554.00, 4
555.00, 4
556.00, 4
557.00, 4
558.00, 4
559.00, 4
560.00, 4
561.00, 4
562.00, 4
563.00, 4
564.00, 4
565.00, 4
566.00, 4
567.00, 4
568.00, 4
569.00, 4
570.00, 4
571.00, 4
572.00, 4
573.00, 4
574.00, 4
575.00, 4
576.00, 4
577.00, 4
578.00, 4
579.00, 4
580.00, 4
581.00, 4
582.00, 4
583.00, 4
584.00, 4
585.00, 4
586.00, 4
587.00, 4
588.00, 4
589.00, 4
590.00, 4
591.00, 4
592.00, 4
593.00, 4
594.00, 4
595.00, 6
596.00, 6
597.00, 6
598.00, 6
599.00, 6
600.00, 6
601.00, 6
602.00, 6
603.00, 6
604.00, 6
605.00, 6
606.00, 6
607.00, 6
608.00, 6
609.00, 6
610.00, 6
611.00, 6
612.00, 6
613.00, 6
614.00, 6
615.00, 6
616.00, 6
617.00, 6
618.00, 6
619.00, 6
620.00, 6
621.00, 6
622.00, 6
623.00, 6
624.00, 0
625.00, 0
626.00, 0
627.00, 0
628.00, 0
629.00, 0
630.00, 0
631.00, 0
632.00, 0
633.00, 0
634.00, 0
635.00, 0
636.00, 0
637.00, 0
638.00, 0
639.00, 0
640.00, 0
641.00, 0
642.00, 0
643.00, 0
644.00, 0
645.00, 0
646.00, 0
647.00, 0
648.00, 0
649.00, 0
650.00, 0
651.00, 0
652.00, 0
653.00, 0
654.00, 0
655.00, 0
656.00, 0
657.00, 0
658.00, 0
659.00, 0
660.00, 0
661.00, 0
662.00, 0
663.00, 0
664.00, 0
665.00, 0
666.00, 0
667.00, 0
668.00, 0
669.00, 0
670.00, 0
671.00, 0
672.00, 0
673.00, 0
674.00, 0
675.00, 0
676.00, 0
677.00, 0
678.00, 0
679.00, 0
680.00, 0
681.00, 0
682.00, 0
683.00, 0
684.00, 0
685.00, 0
686.00, 0
687.00, 0
688.00, 0
689.00, 0
690.00, 0
691.00, 0
692.00, 0
693.00, 0
694.00, 0
695.00, 0
696.00, 0
697.00, 0
698.00, 0
699.00, 0
700.00, 0
701.00, 0
702.00, 0
703.00, 0
704.00, 0
705.00, 0
706.00, 0
707.00, 0
708.00, 0
709.00, 0
710.00, 0
711.00, 0
712.00, 0
713.00, 0
714.00, 2
715.00, 2
716.00, 2
717.00, 2
718.00, 2
719.00, 2
720.00, 2
721.00, 2
722.00, 2
723.00, 2
724.00, 2
725.00, 2
726.00, 2
727.00, 2
728.00, 2
729.00, 2
730.00, 2
731.00, 2
732.00, 2
733.00, 2
734.00, 2
735.00, 2
736.00, 2
737.00, 2
738.00, 2
739.00, 2
740.00, 2
741.00, 2
742.00, 2
743.00, 2
744.00, 2
745.00, 2
746.00, 2
747.00, 2
748.00, 2
749.00, 2
750.00, 2
751.00, 2
752.00, 2
753.00, 2
754.00, 2
755.00, 2
756.00, 2
757.00, 2
758.00, 2
759.00, 2
760.00, 2
761.00, 2
762.00, 2
763.00, 2
764.00, 2
765.00, 2
766.00, 2
767.00, 2
768.00, 2
769.00, 2
770.00, 2
771.00, 2
772.00, 2
773.00, 2
774.00, 2
775.00, 2
776.00, 2
777.00, 2
778.00, 2
779.00, 2
780.00, 2
781.00, 0
782.00, 0
783.00, 0
784.00, 0
785.00, 0
786.00, 0
787.00, 0
788.00, 0
789.00, 0
790.00, 0
791.00, 0
792.00, 0
793.00, 0
794.00, 0
795.00, 0
796.00, 0
797.00, 0
798.00, 0
799.00, 0
800.00, 0
801.00, 0
802.00, 0
803.00, 0
804.00, 0
805.00, 0
806.00, 0
807.00, 0
808.00, 0
809.00, 0
810.00, 0
811.00, 0
812.00, 0
813.00, 0
814.00, 0
815.00, 0
816.00, 0
817.00, 0
818.00, 0
819.00, 0
820.00, 0
821.00, 0
822.00, 0
823.00, 0
824.00, 0
825.00, 0
826.00, 0
827.00, 0
828.00, 0
829.00, 0
830.00, 0
831.00, 0
832.00, 0
833.00, 0
834.00, 0
835.00, 0
836.00, 0
837.00, 0
838.00, 0
839.00, 0
840.00, 0
841.00, 0
842.00, 0
843.00, 0
844.00, 0
845.00, 0
846.00, 0
847.00, 0
848.00, 0
849.00, 0
850.00, 0
851.00, 0
852.00, 0
853.00, 0
854.00, 0
855.00, 0
856.00, 0
857.00, 0
858.00, 0
859.00, 0
860.00, 0
861.00, 0
862.00, 0
863.00, 0
864.00, 0
865.00, 0
866.00, 0
867.00, 0
868.00, 0
869.00, 0
870.00, 7
871.00, 6
872.00, 6
873.00, 6
874.00, 6
875.00, 6
876.00, 6
877.00, 6
878.00, 6
879.00, 6
880.00, 6
881.00, 6
882.00, 6
883.00, 6
884.00, 6
885.00, 6
886.00, 6
887.00, 6
888.00, 6
889.00, 6
890.00, 6
891.00, 6
892.00, 6
893.00, 6
894.00, 6
895.00, 6
896.00, 6
897.00, 6
898.00, 6
899.00, 6
900.00, 6
901.00, 6
902.00, 6
903.00, 6
904.00, 6
905.00, 6
906.00, 6
907.00, 6
908.00, 6
909.00, 6
910.00, 6
911.00, 6
912.00, 6
913.00, 6
914.00, 6
915.00, 6
916.00, 6
917.00, 6
918.00, 6
919.00, 6
920.00, 6
921.00, 6
922.00, 6
923.00, 6
924.00, 6
925.00, 6
926.00, 6
927.00, 6
928.00, 6
929.00, 6
930.00, 6
931.00, 6
932.00, 6
933.00, 6
934.00, 6
935.00, 6
936.00, 6
937.00, 6
938.00, 6
939.00, 6
940.00, 6
941.00, 6
942.00, 6
943.00, 6
944.00, 6
945.00, 6
946.00, 6
947.00, 6
948.00, 6
949.00, 6
950.00, 6
951.00, 6
952.00, 6
953.00, 6
954.00, 6
955.00, 6
956.00, 6
957.00, 6
958.00, 6
959.00, 6
960.00, 6
961.00, 6
962.00, 6
963.00, 4
964.00, 4
965.00, 4
966.00, 4
967.00, 4
968.00, 4
969.00, 4
970.00, 4
971.00, 4
972.00, 4
973.00, 4
974.00, 4
975.00, 4
976.00, 4
977.00, 4
978.00, 4
979.00, 4
980.00, 4
981.00, 4
982.00, 4
983.00, 4
984.00, 4
985.00, 4
986.00, 4
987.00, 4
988.00, 4
989.00, 4
990.00, 4
991.00, 4
992.00, 4
993.00, 4
994.00, 4
995.00, 4
996.00, 4
997.00, 4
998.00, 4
999.00, 4