0.00, 4
1.00, 4
2.00, 4
3.00, 4
4.00, 4
5.00, 4
6.00, 4
7.00, 4
8.00, 4
9.00, 4
10.00, 4
11.00, 4
12.00, 4
13.00, 4
14.00, 4
15.00, 4
16.00, 4
17.00, 4
18.00, 4
19.00, 3
20.00, 3
21.00, 3
22.00, 3
23.00, 3
24.00, 3
25.00, 3
26.00, 3
27.00, 3
28.00, 3
29.00, 3
30.00, 3
31.00, 3
32.00, 3
33.00, 3
34.00, 3
35.00, 3
36.00, 3
37.00, 3
38.00, 3
39.00, 3
40.00, 3
41.00, 3
42.00, 3
43.00, 3
44.00, 3
45.00, 3
46.00, 3
47.00, 3
48.00, 3
49.00, 3
50.00, 3
51.00, 3
52.00, 3
53.00, 3
54.00, 3
55.00, 3
56.00, 3
57.00, 3
58.00, 3
59.00, 3
60.00, 3
61.00, 3
62.00, 3
63.00, 3
64.00, 3
65.00, 3
66.00, 3
67.00, 3
68.00, 3
69.00, 3
70.00, 3
71.00, 3
72.00, 3
73.00, 4
74.00, 4
75.00, 4
76.00, 4
77.00, 4
78.00, 4
79.00, 4
80.00, 4
81.00, 4
82.00, 4
83.00, 4
84.00, 8
85.00, 8
86.00, 8
87.00, 8
88.00, 8
89.00, 8
90.00, 8
91.00, 8
92.00, 8
93.00, 8
94.00, 8
95.00, 8
96.00, 8
97.00, 8
98.00, 8
99.00, 8
100.00, 8
101.00, 8
102.00, 8
103.00, 8
104.00, 8
105.00, 8
106.00, 8
107.00, 8
108.00, 8
109.00, 8
110.00, 8
111.00, 8
112.00, 8
113.00, 8
114.00, 8
115.00, 4
116.00, 4
117.00, 4
118.00, 4
119.00, 4
120.00, 4
121.00, 4
122.00, 4
123.00, 4
124.00, 4
125.00, 4
126.00, 4
127.00, 4
128.00, 4
129.00, 4
130.00, 4
131.00, 4
132.00, 4
133.00, 1
134.00, 1
135.00, 1
136.00, 1
137.00, 1
138.00, 1
139.00, 1
140.00, 1
141.00, 1
142.00, 1
143.00, 1
144.00, 1
145.00, 1
146.00, 1
147.00, 1
148.00, 1
149.00, 1
150.00, 1
151.00, 1
152.00, 1
153.00, 1
154.00, 1
155.00, 1
156.00, 1
157.00, 1
158.00, 1
159.00, 1
160.00, 1
161.00, 1
162.00, 1
163.00, 1
164.00, 1
165.00, 1
166.00, 1
167.00, 1
168.00, 1
169.00, 1
170.00, 1
171.00, 1
172.00, 1
173.00, 1
174.00, 1
175.00, 1
176.00, 1
177.00, 1
178.00, 1
179.00, 1
180.00, 1
181.00, 1
182.00, 1
183.00, 1
184.00, 1
185.00, 1
186.00, 1
187.00, 1
188.00, 1
189.00, 1
190.00, 1
191.00, 1
192.00, 1
193.00, 1
194.00, 1
195.00, 1
196.00, 1
197.00, 1
198.00, 1
199.00, 1
200.00, 1
201.00, 1
202.00, 1
203.00, 1
204.00, 1
205.00, 1
206.00, 7
207.00, 7
208.00, 7
209.00, 7
210.00, 7
211.00, 7
212.00, 7
213.00, 7
214.00, 7
215.00, 7
216.00, 7
217.00, 7
218.00, 7
219.00, 7
220.00, 7
221.00, 7
222.00, 7
223.00, 7
224.00, 7
225.00, 7
226.00, 7
227.00, 7
228.00, 7
229.00, 7
230.00, 7
231.00, 7
232.00, 7
233.00, 7
234.00, 7
235.00, 7
236.00, 7
237.00, 7
238.00, 7
239.00, 7
240.00, 7
241.00, 7
242.00, 7
243.00, 7
244.00, 7
245.00, 7
246.00, 7
247.00, 7
248.00, 7
249.00, 7
250.00, 7
251.00, 7
252.00, 7
253.00, 7
254.00, 7
255.00, 7
256.00, 7
257.00, 7
258.00, 7
259.00, 7
260.00, 7
261.00, 7
262.00, 7
263.00, 7
264.00, 7
265.00, 7
266.00, 7
267.00, 7
268.00, 7
269.00, 7
270.00, 7
271.00, 7
272.00, 7
273.00, 7
274.00, 7
275.00, 7
276.00, 7
277.00, 7
278.00, 7
279.00, 7
280.00, 7
281.00, 6
282.00, 6
283.00, 6
284.00, 6
285.00, 6
286.00, 6
287.00, 6
288.00, 6
289.00, 6
290.00, 6
291.00, 6
292.00, 6
293.00, 6
294.00, 6
295.00, 6
296.00, 6
297.00, 6
298.00, 6
299.00, 6
300.00, 6
301.00, 6
302.00, 6
303.00, 6
304.00, 6
305.00, 6
306.00, 6
307.00, 6
308.00, 6
309.00, 6
310.00, 6
311.00, 6
312.00, 6
313.00, 6
314.00, 6
315.00, 6
316.00, 6
317.00, 6
318.00, 6
319.00, 6
320.00, 6
321.00, 6
322.00, 4
323.00, 4
324.00, 4
325.00, 4
326.00, 4
327.00, 4
328.00, 4
329.00, 4
330.00, 4
331.00, 4
332.00, 4
333.00, 4
334.00, 4
335.00, 4
336.00, 4
337.00, 4
338.00, 4
339.00, 4
340.00, 4
341.00, 4
342.00, 4
343.00, 4
344.00, 4
345.00, 4
346.00, 4
347.00, 4
348.00, 4
349.00, 4
350.00, 4
351.00, 4
352.00, 4
353.00, 4
354.00, 4
355.00, 4
356.00, 4
357.00, 4
358.00, 4
359.00, 4
360.00, 4
361.00, 4
362.00, 4
363.00, 4
364.00, 4
365.00, 4
366.00, 4
367.00, 4
368.00, 4
369.00, 4
370.00, 4
371.00, 4
372.00, 4
373.00, 4
374.00, 4
375.00, 4
376.00, 4
377.00, 4
378.00, 4
379.00, 4
380.00, 4
381.00, 4
382.00, 4
383.00, 4
384.00, 4
385.00, 4
386.00, 4
387.00, 4
388.00, 4
389.00, 4
390.00, 4
391.00, 4
392.00, 4
393.00, 4
394.00, 4
395.00, 4
396.00, 4
397.00, 4
398.00, 4
399.00, 4
400.00, 4
401.00, 4
402.00, 4
403.00, 4
404.00, 4
405.00, 4
406.00, 4
407.00, 4
408.00, 4
409.00, 4
410.00, 6
411.00, 6
412.00, 6
413.00, 6
414.00, 6
415.00, 6
416.00, 6
417.00, 6
418.00, 6
419.00, 6
420.00, 6
421.00, 6
422.00, 6
423.00, 6
424.00, 6
425.00, 6
426.00, 6
427.00, 6
428.00, 6
429.00, 6
430.00, 6
431.00, 6
432.00, 6
433.00, 6
434.00, 6
435.00, 6
436.00, 6
437.00, 6
438.00, 6
439.00, 6
440.00, 6
441.00, 6
442.00, 6
443.00, 6
444.00, 6
445.00, 6
446.00, 6
447.00, 6
448.00, 6
449.00, 6
450.00, 6
451.00, 6
452.00, 6
453.00, 6
454.00, 6
455.00, 6
456.00, 6
457.00, 6
458.00, 6
459.00, 6
460.00, 6
461.00, 6
462.00, 6
463.00, 6
464.00, 6
465.00, 6
466.00, 6
467.00, 6
468.00, 6
469.00, 6
470.00, 6
471.00, 6
472.00, 6
473.00, 6
474.00, 6
475.00, 6
476.00, 6
477.00, 6
478.00, 6
479.00, 6
480.00, 4
481.00, 4
482.00, 4
483.00, 4
484.00, 4
485.00, 4
486.00, 4
487.00, 4
488.00, 4
489.00, 4
490.00, 4
491.00, 4
492.00, 4
493.00, 4
494.00, 4
495.00, 4
496.00, 4
497.00, 4
498.00, 4
499.00, 4
500.00, 4
501.00, 4
502.00, 4
503.00, 4
504.00, 4
505.00, 4
506.00, 4
507.00, 4
508.00, 4
509.00, 4
510.00, 4
511.00, 4
512.00, 4
513.00, 4
514.00, 4
515.00, 4
516.00, 4
517.00, 4
518.00, 4
519.00, 4
520.00, 4
521.00, 4
522.00, 4
523.00, 4
524.00, 4
525.00, 5
526.00, 5
527.00, 5
528.00, 5
529.00, 5
530.00, 5
531.00, 5
532.00, 5
533.00, 5
534.00, 5
535.00, 5
536.00, 5
537.00, 5
538.00, 5
539.00, 5
540.00, 5
541.00, 5
542.00, 5
543.00, 5
544.00, 5
545.00, 5
546.00, 5
547.00, 5
548.00, 5
549.00, 5
550.00, 5
551.00, 5
552.00, 5
553.00, 5
554.00, 5
555.00, 5
556.00, 5
557.00, 5
558.00, 5
559.00, 5
560.00, 5
561.00, 5
562.00, 5
563.00, 5
564.00, 5
565.00, 5
566.00, 5
567.00, 5
568.00, 5
569.00, 5
570.00, 5
571.00, 5
572.00, 5
573.00, 5
574.00, 5
575.00, 5
576.00, 5
577.00, 5
578.00, 5
579.00, 5
580.00, 5
581.00, 5
582.00, 5
583.00, 5
584.00, 5
585.00, 5
586.00, 5
587.00, 5
588.00, 5
589.00, 5
590.00, 5
591.00, 5
592.00, 5
593.00, 5
594.00, 5
595.00, 5
596.00, 5
597.00, 5
598.00, 5
599.00, 5
600.00, 5
601.00, 5
602.00, 5
603.00, 5
604.00, 5
605.00, 3
606.00, 3
607.00, 3
608.00, 3
609.00, 3
610.00, 3
611.00, 3
612.00, 3
613.00, 3
614.00, 3
615.00, 3
616.00, 3
617.00, 3
618.00, 3
619.00, 3
620.00, 3
621.00, 3
622.00, 3
623.00, 3
624.00, 3
625.00, 3
626.00, 3
627.00, 3
628.00, 3
629.00, 3
630.00, 3
631.00, 3
632.00, 3
633.00, 3
634.00, 3
635.00, 3
636.00, 3
637.00, 3
638.00, 3
639.00, 3
640.00, 3
641.00, 3
642.00, 3
643.00, 4
644.00, 4
645.00, 4
646.00, 4
647.00, 4
648.00, 4
649.00, 4
650.00, 4
651.00, 4
652.00, 4
653.00, 4
654.00, 4
655.00, 4
656.00, 4
657.00, 4
658.00, 4
659.00, 4
660.00, 4
661.00, 4
662.00, 4
663.00, 8
664.00, 8
665.00, 8
666.00, 8
667.00, 8
668.00, 8
669.00, 8
670.00, 8
671.00, 8
672.00, 8
673.00, 8
674.00, 8
675.00, 8
676.00, 8
677.00, 8
678.00, 8
679.00, 8
680.00, 8
681.00, 8
682.00, 8
683.00, 8
684.00, 8
685.00, 8
686.00, 8
687.00, 8
688.00, 8
689.00, 8
690.00, 8
691.00, 8
692.00, 8
693.00, 8
694.00, 4
695.00, 4
696.00, 4
697.00, 4
698.00, 4
699.00, 4
700.00, 4
701.00, 4
702.00, 4
703.00, 4
704.00, 4
705.00, 8
706.00, 8
707.00, 8
708.00, 8
709.00, 8
710.00, 8
711.00, 8
712.00, 8
713.00, 8
714.00, 8
715.00, 8
716.00, 8
717.00, 8
718.00, 8
719.00, 8
720.00, 8
721.00, 8
722.00, 8
723.00, 8
724.00, 8
725.00, 8
726.00, 8
727.00, 8
728.00, 8
729.00, 8
730.00, 8
731.00, 8
732.00, 8
733.00, 8
734.00, 8
735.00, 8
736.00, 8
737.00, 8
738.00, 8
739.00, 8
740.00, 8
741.00, 8
742.00, 8
743.00, 8
744.00, 8
745.00, 8
746.00, 8
747.00, 8
748.00, 8
749.00, 8
750.00, 8
751.00, 8
752.00, 8
753.00, 8
754.00, 8
755.00, 8
756.00, 8
757.00, 8
758.00, 8
759.00, 3
760.00, 3
761.00, 3
762.00, 3
763.00, 3
764.00, 3
765.00, 3
766.00, 3
767.00, 3
768.00, 3
769.00, 3
770.00, 3
771.00, 3
772.00, 3
773.00, 3
774.00, 3
775.00, 3
776.00, 3
777.00, 3
778.00, 3
779.00, 3
780.00, 3
781.00, 3
782.00, 3
783.00, 3
784.00, 3
785.00, 3
786.00, 3
787.00, 3
788.00, 3
789.00, 3
790.00, 3
791.00, 3
792.00, 3
793.00, 3
794.00, 3
795.00, 3
796.00, 3
797.00, 3
798.00, 3
799.00, 3
800.00, 3
801.00, 3
802.00, 3
803.00, 3
804.00, 3
805.00, 3
806.00, 3
807.00, 3
808.00, 3
809.00, 3
810.00, 3
811.00, 3
812.00, 3
813.00, 3
814.00, 3
815.00, 3
816.00, 3
817.00, 3
818.00, 3
819.00, 3
820.00, 3
821.00, 3
822.00, 3
823.00, 3
824.00, 3
825.00, 3
826.00, 3
827.00, 3
828.00, 3
829.00, 3
830.00, 3
831.00, 3
832.00, 3
833.00, 3
834.00, 4
835.00, 4
836.00, 4
837.00, 4
838.00, 4
839.00, 4
840.00, 4
841.00, 4
842.00, 4
843.00, 4
844.00, 4
845.00, 2
846.00, 2
847.00, 2
848.00, 2
849.00, 2
850.00, 2
851.00, 2
852.00, 2
853.00, 2
854.00, 2
855.00, 2
856.00, 2
857.00, 2
858.00, 2
859.00, 2
860.00, 2
861.00, 2
862.00, 2
863.00, 2
864.00, 2
865.00, 2
866.00, 2
867.00, 2
868.00, 2
869.00, 2
870.00, 2
871.00, 2
872.00, 2
873.00, 2
874.00, 2
875.00, 2
876.00, 2
877.00, 2
878.00, 2
879.00, 2
880.00, 2
881.00, 2
882.00, 2
883.00, 2
884.00, 2
885.00, 2
886.00, 2
887.00, 2
888.00, 2
889.00, 2
890.00, 2
891.00, 2
892.00, 2
893.00, 2
894.00, 2
895.00, 2
896.00, 2
897.00, 2
898.00, 2
899.00, 2
900.00, 2
901.00, 2
902.00, 2
903.00, 2
904.00, 2
905.00, 2
906.00, 2
907.00, 2
908.00, 2
909.00, 2
910.00, 2
911.00, 2
912.00, 2
913.00, 2
914.00, 2
915.00, 2
916.00, 2
917.00, 0
918.00, 0
919.00, 0
920.00, 0
921.00, 0
922.00, 0
923.00, 0
924.00, 0
925.00, 0
926.00, 0
927.00, 0
928.00, 0
929.00, 0
930.00, 0
931.00, 0
932.00, 0
933.00, 0
934.00, 0
935.00, 0
936.00, 0
937.00, 0
938.00, 0
939.00, 0
940.00, 0
941.00, 0
942.00, 0
943.00, 0
944.00, 0
945.00, 0
946.00, 0
947.00, 0
948.00, 0
949.00, 0
950.00, 0
951.00, 0
952.00, 0
953.00, 0
954.00, 0
955.00, 0
956.00, 0
957.00, 0
958.00, 0
959.00, 0
960.00, 0
961.00, 0
962.00, 0
963.00, 0
964.00, 0
965.00, 0
966.00, 0
967.00, 0
968.00, 0
969.00, 0
970.00, 0
971.00, 0
972.00, 0
973.00, 2
974.00, 2
975.00, 2
976.00, 2
977.00, 2
978.00, 2
979.00, 2
980.00, 2
981.00, 2
982.00, 2
983.00, 2
984.00, 2
985.00, 2
986.00, 2
987.00, 2
988.00, 2
989.00, 2
990.00, 2
991.00, 2
992.00, 2
993.00, 7
994.00, 6
995.00, 6
996.00, 6
997.00, 6
998.00, 6
999.00, 6