0.00, 3
1.00, 3
2.00, 3
3.00, 3
4.00, 3
5.00, 3
6.00, 4
7.00, 4
8.00, 4
9.00, 4
10.00, 4
11.00, 4
12.00, 4
13.00, 4
14.00, 4
15.00, 4
16.00, 4
17.00, 4
18.00, 4
19.00, 4
20.00, 4
21.00, 4
22.00, 4
23.00, 4
24.00, 4
25.00, 4
26.00, 4
27.00, 4
28.00, 4
29.00, 4
30.00, 4
31.00, 4
32.00, 4
33.00, 4
34.00, 4
35.00, 4
36.00, 4
37.00, 2
38.00, 2
39.00, 2
40.00, 2
41.00, 2
42.00, 2
43.00, 2
44.00, 2
45.00, 2
46.00, 2
47.00, 2
48.00, 2
49.00, 2
50.00, 2
51.00, 2
52.00, 2
53.00, 2
54.00, 2
55.00, 5
56.00, 5
57.00, 5
58.00, 5
59.00, 5
60.00, 5
61.00, 5
62.00, 5
63.00, 5
64.00, 5
65.00, 5
66.00, 5
67.00, 5
68.00, 5
69.00, 5
70.00, 5
71.00, 5
72.00, 5
73.00, 5
74.00, 5
75.00, 3
76.00, 3
77.00, 3
78.00, 3
79.00, 3
80.00, 3
81.00, 3
82.00, 3
83.00, 3
84.00, 3
85.00, 3
86.00, 3
87.00, 3
88.00, 3
89.00, 3
90.00, 3
91.00, 3
92.00, 3
93.00, 3
94.00, 3
95.00, 3
96.00, 3
97.00, 3
98.00, 3
99.00, 3
100.00, 3
101.00, 3
102.00, 3
103.00, 3
104.00, 4
105.00, 4
106.00, 4
107.00, 4
108.00, 4
109.00, 4
110.00, 4
111.00, 4
112.00, 4
113.00, 4
114.00, 4
115.00, 4
116.00, 4
117.00, 4
118.00, 4
119.00, 4
120.00, 4
121.00, 4
122.00, 4
123.00, 4
124.00, 4
125.00, 4
126.00, 4
127.00, 4
128.00, 4
129.00, 4
130.00, 4
131.00, 4
132.00, 4
133.00, 4
134.00, 4
135.00, 4
136.00, 4
137.00, 4
138.00, 4
139.00, 4
140.00, 4
141.00, 4
142.00, 4
143.00, 4
144.00, 4
145.00, 4
146.00, 4
147.00, 4
148.00, 4
149.00, 4
150.00, 4
151.00, 4
152.00, 4
153.00, 4
154.00, 4
155.00, 4
156.00, 4
157.00, 4
158.00, 4
159.00, 4
160.00, 4
161.00, 4
162.00, 4
163.00, 4
164.00, 4
165.00, 4
166.00, 4
167.00, 4
168.00, 4
169.00, 4
170.00, 4
171.00, 4
172.00, 4
173.00, 4
174.00, 6
175.00, 6
176.00, 6
177.00, 6
178.00, 6
179.00, 6
180.00, 6
181.00, 6
182.00, 6
183.00, 6
184.00, 6
185.00, 6
186.00, 6
187.00, 6
188.00, 6
189.00, 6
190.00, 6
191.00, 6
192.00, 6
193.00, 6
194.00, 6
195.00, 6
196.00, 6
197.00, 6
198.00, 6
199.00, 6
200.00, 6
201.00, 6
202.00, 6
203.00, 6
204.00, 6
205.00, 6
206.00, 6
207.00, 6
208.00, 6
209.00, 6
210.00, 6
211.00, 6
212.00, 6
213.00, 6
214.00, 6
215.00, 6
216.00, 6
217.00, 6
218.00, 6
219.00, 6
220.00, 6
221.00, 6
222.00, 6
223.00, 6
224.00, 6
225.00, 6
226.00, 6
227.00, 6
228.00, 6
229.00, 6
230.00, 6
231.00, 6
232.00, 6
233.00, 6
234.00, 6
235.00, 6
236.00, 6
237.00, 6
238.00, 4
239.00, 4
240.00, 4
241.00, 4
242.00, 4
243.00, 4
244.00, 4
245.00, 4
246.00, 4
247.00, 4
248.00, 4
249.00, 4
250.00, 4
251.00, 4
252.00, 4
253.00, 4
254.00, 4
255.00, 4
256.00, 4
257.00, 4
258.00, 4
259.00, 4
260.00, 4
261.00, 4
262.00, 2
263.00, 2
264.00, 2
265.00, 2
266.00, 2
267.00, 2
268.00, 2
269.00, 2
270.00, 2
271.00, 2
272.00, 2
273.00, 2
274.00, 2
275.00, 2
276.00, 2
277.00, 2
278.00, 2
279.00, 2
280.00, 2
281.00, 2
282.00, 2
283.00, 2
284.00, 2
285.00, 2
286.00, 2
287.00, 2
288.00, 2
289.00, 2
290.00, 2
291.00, 2
292.00, 2
293.00, 2
294.00, 2
295.00, 2
296.00, 5
297.00, 5
298.00, 5
299.00, 5
300.00, 5
301.00, 5
302.00, 5
303.00, 5
304.00, 5
305.00, 5
306.00, 5
307.00, 5
308.00, 5
309.00, 5
310.00, 5
311.00, 5
312.00, 5
313.00, 5
314.00, 5
315.00, 5
316.00, 5
317.00, 5
318.00, 5
319.00, 5
320.00, 5
321.00, 5
322.00, 5
323.00, 5
324.00, 5
325.00, 5
326.00, 3
327.00, 3
328.00, 3
329.00, 3
330.00, 3
331.00, 3
332.00, 3
333.00, 3
334.00, 3
335.00, 3
336.00, 3
337.00, 3
338.00, 3
339.00, 3
340.00, 3
341.00, 3
342.00, 3
343.00, 3
344.00, 3
345.00, 3
346.00, 3
347.00, 3
348.00, 3
349.00, 3
350.00, 3
351.00, 3
352.00, 3
353.00, 3
354.00, 3
355.00, 3
356.00, 3
357.00, 3
358.00, 3
359.00, 3
360.00, 3
361.00, 3
362.00, 3
363.00, 3
364.00, 3
365.00, 3
366.00, 3
367.00, 3
368.00, 3
369.00, 3
370.00, 8
371.00, 8
372.00, 8
373.00, 8
374.00, 8
375.00, 8
376.00, 8
377.00, 8
378.00, 8
379.00, 8
380.00, 8
381.00, 8
382.00, 8
383.00, 8
384.00, 8
385.00, 8
386.00, 8
387.00, 8
388.00, 8
389.00, 8
390.00, 8
391.00, 8
392.00, 8
393.00, 8
394.00, 8
395.00, 8
396.00, 8
397.00, 8
398.00, 8
399.00, 4
400.00, 4
401.00, 4
402.00, 4
403.00, 4
404.00, 4
405.00, 4
406.00, 4
407.00, 3
408.00, 3
409.00, 3
410.00, 3
411.00, 3
412.00, 3
413.00, 3
414.00, 3
415.00, 3
416.00, 3
417.00, 3
418.00, 3
419.00, 3
420.00, 3
421.00, 3
422.00, 3
423.00, 3
424.00, 3
425.00, 3
426.00, 3
427.00, 3
428.00, 3
429.00, 3
430.00, 3
431.00, 3
432.00, 3
433.00, 3
434.00, 3
435.00, 3
436.00, 3
437.00, 3
438.00, 3
439.00, 3
440.00, 3
441.00, 3
442.00, 3
443.00, 3
444.00, 3
445.00, 3
446.00, 3
447.00, 5
448.00, 5
449.00, 5
450.00, 5
451.00, 5
452.00, 5
453.00, 5
454.00, 5
455.00, 5
456.00, 5
457.00, 5
458.00, 5
459.00, 5
460.00, 5
461.00, 5
462.00, 5
463.00, 5
464.00, 5
465.00, 5
466.00, 5
467.00, 5
468.00, 5
469.00, 5
470.00, 5
471.00, 5
472.00, 3
473.00, 3
474.00, 3
475.00, 3
476.00, 3
477.00, 3
478.00, 3
479.00, 3
480.00, 3
481.00, 3
482.00, 3
483.00, 3
484.00, 3
485.00, 3
486.00, 3
487.00, 3
488.00, 3
489.00, 3
490.00, 3
491.00, 3
492.00, 3
493.00, 3
494.00, 3
495.00, 3
496.00, 3
497.00, 3
498.00, 3
499.00, 3
500.00, 3
501.00, 3
502.00, 3
503.00, 3
504.00, 3
505.00, 3
506.00, 3
507.00, 3
508.00, 4
509.00, 4
510.00, 4
511.00, 4
512.00, 4
513.00, 4
514.00, 4
515.00, 4
516.00, 4
517.00, 4
518.00, 4
519.00, 4
520.00, 4
521.00, 4
522.00, 4
523.00, 4
524.00, 4
525.00, 4
526.00, 4
527.00, 4
528.00, 4
529.00, 4
530.00, 4
531.00, 4
532.00, 4
533.00, 4
534.00, 4
535.00, 4
536.00, 4
537.00, 4
538.00, 4
539.00, 4
540.00, 4
541.00, 4
542.00, 4
543.00, 4
544.00, 4
545.00, 4
546.00, 1
547.00, 1
548.00, 1
549.00, 1
550.00, 1
551.00, 1
552.00, 1
553.00, 1
554.00, 1
555.00, 1
556.00, 1
557.00, 1
558.00, 1
559.00, 1
560.00, 1
561.00, 1
562.00, 1
563.00, 1
564.00, 1
565.00, 1
566.00, 1
567.00, 1
568.00, 1
569.00, 1
570.00, 1
571.00, 1
572.00, 1
573.00, 1
574.00, 1
575.00, 1
576.00, 1
577.00, 1
578.00, 1
579.00, 7
580.00, 7
581.00, 7
582.00, 7
583.00, 7
584.00, 7
585.00, 7
586.00, 7
587.00, 7
588.00, 7
589.00, 7
590.00, 7
591.00, 7
592.00, 7
593.00, 7
594.00, 7
595.00, 7
596.00, 7
597.00, 7
598.00, 7
599.00, 7
600.00, 7
601.00, 7
602.00, 7
603.00, 7
604.00, 7
605.00, 7
606.00, 7
607.00, 7
608.00, 7
609.00, 7
610.00, 7
611.00, 7
612.00, 7
613.00, 7
614.00, 7
615.00, 7
616.00, 7
617.00, 7
618.00, 7
619.00, 7
620.00, 7
621.00, 7
622.00, 7
623.00, 7
624.00, 7
625.00, 7
626.00, 7
627.00, 7
628.00, 7
629.00, 7
630.00, 7
631.00, 7
632.00, 7
633.00, 7
634.00, 7
635.00, 7
636.00, 7
637.00, 7
638.00, 7
639.00, 7
640.00, 7
641.00, 7
642.00, 7
643.00, 7
644.00, 7
645.00, 7
646.00, 7
647.00, 7
648.00, 7
649.00, 7
650.00, 7
651.00, 7
652.00, 7
653.00, 7
654.00, 7
655.00, 7
656.00, 7
657.00, 7
658.00, 7
659.00, 7
660.00, 7
661.00, 7
662.00, 7
663.00, 7
664.00, 7
665.00, 7
666.00, 7
667.00, 7
668.00, 7
669.00, 7
670.00, 7
671.00, 7
672.00, 7
673.00, 1
674.00, 1
675.00, 1
676.00, 1
677.00, 1
678.00, 1
679.00, 1
680.00, 1
681.00, 1
682.00, 1
683.00, 1
684.00, 1
685.00, 1
686.00, 1
687.00, 1
688.00, 1
689.00, 1
690.00, 1
691.00, 1
692.00, 1
693.00, 1
694.00, 1
695.00, 1
696.00, 1
697.00, 1
698.00, 1
699.00, 1
700.00, 4
701.00, 4
702.00, 4
703.00, 4
704.00, 4
705.00, 4
706.00, 4
707.00, 4
708.00, 4
709.00, 4
710.00, 4
711.00, 4
712.00, 4
713.00, 4
714.00, 4
715.00, 4
716.00, 4
717.00, 4
718.00, 4
719.00, 4
720.00, 4
721.00, 4
722.00, 4
723.00, 4
724.00, 4
725.00, 4
726.00, 4
727.00, 4
728.00, 4
729.00, 6
730.00, 6
731.00, 6
732.00, 6
733.00, 6
734.00, 6
735.00, 6
736.00, 6
737.00, 6
738.00, 6
739.00, 6
740.00, 6
741.00, 6
742.00, 6
743.00, 6
744.00, 6
745.00, 7
746.00, 7
747.00, 7
748.00, 7
749.00, 7
750.00, 7
751.00, 7
752.00, 7
753.00, 7
754.00, 7
755.00, 7
756.00, 7
757.00, 7
758.00, 7
759.00, 7
760.00, 7
761.00, 7
762.00, 7
763.00, 7
764.00, 7
765.00, 7
766.00, 7
767.00, 7
768.00, 7
769.00, 7
770.00, 7
771.00, 7
772.00, 7
773.00, 7
774.00, 7
775.00, 7
776.00, 7
777.00, 7
778.00, 7
779.00, 7
780.00, 7
781.00, 7
782.00, 7
783.00, 7
784.00, 7
785.00, 7
786.00, 7
787.00, 7
788.00, 7
789.00, 7
790.00, 7
791.00, 7
792.00, 6
793.00, 6
794.00, 6
795.00, 6
796.00, 6
797.00, 6
798.00, 6
799.00, 6
800.00, 6
801.00, 6
802.00, 6
803.00, 6
804.00, 6
805.00, 6
806.00, 6
807.00, 6
808.00, 6
809.00, 6
810.00, 6
811.00, 6
812.00, 6
813.00, 6
814.00, 6
815.00, 6
816.00, 6
817.00, 6
818.00, 6
819.00, 6
820.00, 6
821.00, 6
822.00, 6
823.00, 6
824.00, 6
825.00, 6
826.00, 6
827.00, 6
828.00, 6
829.00, 6
830.00, 6
831.00, 6
832.00, 7
833.00, 7
834.00, 7
835.00, 7
836.00, 7
837.00, 7
838.00, 7
839.00, 7
840.00, 7
841.00, 7
842.00, 7
843.00, 7
844.00, 7
845.00, 7
846.00, 7
847.00, 7
848.00, 7
849.00, 7
850.00, 7
851.00, 7
852.00, 7
853.00, 7
854.00, 7
855.00, 7
856.00, 7
857.00, 7
858.00, 7
859.00, 7
860.00, 7
861.00, 7
862.00, 7
863.00, 7
864.00, 7
865.00, 7
866.00, 7
867.00, 7
868.00, 7
869.00, 7
870.00, 7
871.00, 7
872.00, 7
873.00, 7
874.00, 7
875.00, 7
876.00, 7
877.00, 7
878.00, 7
879.00, 7
880.00, 7
881.00, 7
882.00, 7
883.00, 7
884.00, 7
885.00, 7
886.00, 7
887.00, 7
888.00, 7
889.00, 7
890.00, 7
891.00, 7
892.00, 7
893.00, 7
894.00, 7
895.00, 7
896.00, 7
897.00, 7
898.00, 7
899.00, 7
900.00, 7
901.00, 7
902.00, 7
903.00, 7
904.00, 6
905.00, 6
906.00, 6
907.00, 6
908.00, 6
909.00, 6
910.00, 6
911.00, 6
912.00, 6
913.00, 6
914.00, 7
915.00, 7
916.00, 7
917.00, 7
918.00, 7
919.00, 7
920.00, 7
921.00, 7
922.00, 7
923.00, 7
924.00, 7
925.00, 7
926.00, 7
927.00, 7
928.00, 7
929.00, 7
930.00, 7
931.00, 7
932.00, 7
933.00, 7
934.00, 7
935.00, 7
936.00, 7
937.00, 7
938.00, 7
939.00, 7
940.00, 7
941.00, 7
942.00, 7
943.00, 7
944.00, 7
945.00, 7
946.00, 7
947.00, 7
948.00, 7
949.00, 7
950.00, 7
951.00, 7
952.00, 7
953.00, 7
954.00, 7
955.00, 7
956.00, 7
957.00, 7
958.00, 7
959.00, 7
960.00, 7
961.00, 7
962.00, 7
963.00, 7
964.00, 7
965.00, 7
966.00, 7
967.00, 7
968.00, 7
969.00, 7
970.00, 7
971.00, 7
972.00, 7
973.00, 7
974.00, 7
975.00, 7
976.00, 7
977.00, 7
978.00, 7
979.00, 7
980.00, 7
981.00, 7
982.00, 7
983.00, 7
984.00, 7
985.00, 7
986.00, 7
987.00, 7
988.00, 7
989.00, 7
990.00, 7
991.00, 7
992.00, 7
993.00, 7
994.00, 7
995.00, 7
996.00, 7
997.00, 7
998.00, 7
999.00, 7