0.00, 6
1.00, 6
2.00, 6
3.00, 6
4.00, 6
5.00, 6
6.00, 6
7.00, 6
8.00, 6
9.00, 6
10.00, 6
11.00, 6
12.00, 6
13.00, 6
14.00, 6
15.00, 6
16.00, 6
17.00, 6
18.00, 0
19.00, 0
20.00, 0
21.00, 0
22.00, 0
23.00, 0
24.00, 0
25.00, 0
26.00, 0
27.00, 0
28.00, 0
29.00, 0
30.00, 0
31.00, 0
32.00, 0
33.00, 0
34.00, 0
35.00, 0
36.00, 0
37.00, 0
38.00, 0
39.00, 0
40.00, 0
41.00, 0
42.00, 0
43.00, 0
44.00, 0
45.00, 0
46.00, 0
47.00, 0
48.00, 0
49.00, 0
50.00, 0
51.00, 0
52.00, 0
53.00, 0
54.00, 0
55.00, 0
56.00, 0
57.00, 0
58.00, 0
59.00, 2
60.00, 2
61.00, 2
62.00, 2
63.00, 2
64.00, 2
65.00, 2
66.00, 2
67.00, 2
68.00, 2
69.00, 2
70.00, 2
71.00, 2
72.00, 2
73.00, 2
74.00, 2
75.00, 2
76.00, 2
77.00, 2
78.00, 2
79.00, 2
80.00, 2
81.00, 2
82.00, 2
83.00, 2
84.00, 2
85.00, 2
86.00, 2
87.00, 2
88.00, 2
89.00, 2
90.00, 2
91.00, 2
92.00, 2
93.00, 2
94.00, 2
95.00, 2
96.00, 2
97.00, 2
98.00, 2
99.00, 2
100.00, 2
101.00, 2
102.00, 2
103.00, 2
104.00, 2
105.00, 2
106.00, 2
107.00, 2
108.00, 2
109.00, 2
110.00, 2
111.00, 2
112.00, 2
113.00, 2
114.00, 2
115.00, 2
116.00, 2
117.00, 2
118.00, 2
119.00, 2
120.00, 2
121.00, 2
122.00, 2
123.00, 2
124.00, 2
125.00, 2
126.00, 2
127.00, 2
128.00, 2
129.00, 2
130.00, 2
131.00, 2
132.00, 2
133.00, 2
134.00, 2
135.00, 5
136.00, 5
137.00, 5
138.00, 5
139.00, 5
140.00, 5
141.00, 5
142.00, 5
143.00, 5
144.00, 5
145.00, 5
146.00, 5
147.00, 5
148.00, 5
149.00, 5
150.00, 5
151.00, 5
152.00, 5
153.00, 5
154.00, 5
155.00, 5
156.00, 5
157.00, 5
158.00, 5
159.00, 5
160.00, 5
161.00, 5
162.00, 5
163.00, 5
164.00, 5
165.00, 5
166.00, 5
167.00, 5
168.00, 5
169.00, 5
170.00, 5
171.00, 5
172.00, 5
173.00, 5
174.00, 5
175.00, 5
176.00, 5
177.00, 5
178.00, 5
179.00, 2
180.00, 2
181.00, 2
182.00, 2
183.00, 2
184.00, 2
185.00, 2
186.00, 2
187.00, 2
188.00, 2
189.00, 2
190.00, 2
191.00, 2
192.00, 2
193.00, 2
194.00, 2
195.00, 2
196.00, 2
197.00, 2
198.00, 2
199.00, 2
200.00, 2
201.00, 2
202.00, 2
203.00, 2
204.00, 2
205.00, 2
206.00, 2
207.00, 2
208.00, 2
209.00, 2
210.00, 2
211.00, 2
212.00, 2
213.00, 2
214.00, 2
215.00, 2
216.00, 2
217.00, 2
218.00, 2
219.00, 2
220.00, 2
221.00, 2
222.00, 5
223.00, 5
224.00, 5
225.00, 5
226.00, 5
227.00, 5
228.00, 5
229.00, 5
230.00, 5
231.00, 5
232.00, 5
233.00, 5
234.00, 5
235.00, 5
236.00, 5
237.00, 5
238.00, 5
239.00, 5
240.00, 5
241.00, 5
242.00, 5
243.00, 5
244.00, 5
245.00, 5
246.00, 5
247.00, 5
248.00, 5
249.00, 5
250.00, 5
251.00, 5
252.00, 5
253.00, 5
254.00, 5
255.00, 5
256.00, 5
257.00, 5
258.00, 5
259.00, 5
260.00, 5
261.00, 5
262.00, 5
263.00, 5
264.00, 5
265.00, 5
266.00, 5
267.00, 5
268.00, 5
269.00, 5
270.00, 5
271.00, 5
272.00, 5
273.00, 5
274.00, 5
275.00, 5
276.00, 5
277.00, 5
278.00, 5
279.00, 5
280.00, 5
281.00, 5
282.00, 5
283.00, 5
284.00, 5
285.00, 5
286.00, 5
287.00, 5
288.00, 5
289.00, 5
290.00, 5
291.00, 5
292.00, 5
293.00, 5
294.00, 5
295.00, 5
296.00, 5
297.00, 5
298.00, 5
299.00, 5
300.00, 5
301.00, 5
302.00, 5
303.00, 5
304.00, 5
305.00, 5
306.00, 5
307.00, 5
308.00, 5
309.00, 5
310.00, 5
311.00, 5
312.00, 5
313.00, 5
314.00, 5
315.00, 5
316.00, 5
317.00, 5
318.00, 5
319.00, 5
320.00, 5
321.00, 5
322.00, 5
323.00, 5
324.00, 5
325.00, 5
326.00, 5
327.00, 5
328.00, 5
329.00, 5
330.00, 3
331.00, 3
332.00, 3
333.00, 3
334.00, 3
335.00, 3
336.00, 3
337.00, 3
338.00, 3
339.00, 3
340.00, 3
341.00, 3
342.00, 3
343.00, 3
344.00, 3
345.00, 3
346.00, 3
347.00, 3
348.00, 3
349.00, 3
350.00, 3
351.00, 3
352.00, 3
353.00, 3
354.00, 3
355.00, 3
356.00, 3
357.00, 3
358.00, 3
359.00, 3
360.00, 3
361.00, 3
362.00, 3
363.00, 3
364.00, 3
365.00, 3
366.00, 3
367.00, 3
368.00, 3
369.00, 3
370.00, 3
371.00, 3
372.00, 3
373.00, 4
374.00, 4
375.00, 4
376.00, 4
377.00, 4
378.00, 4
379.00, 4
380.00, 4
381.00, 4
382.00, 4
383.00, 4
384.00, 4
385.00, 4
386.00, 4
387.00, 4
388.00, 4
389.00, 4
390.00, 4
391.00, 4
392.00, 4
393.00, 4
394.00, 4
395.00, 4
396.00, 4
397.00, 4
398.00, 4
399.00, 4
400.00, 4
401.00, 4
402.00, 4
403.00, 4
404.00, 4
405.00, 4
406.00, 4
407.00, 4
408.00, 4
409.00, 4
410.00, 4
411.00, 4
412.00, 4
413.00, 4
414.00, 4
415.00, 4
416.00, 4
417.00, 4
418.00, 4
419.00, 4
420.00, 4
421.00, 2
422.00, 2
423.00, 2
424.00, 2
425.00, 2
426.00, 2
427.00, 2
428.00, 2
429.00, 2
430.00, 2
431.00, 2
432.00, 2
433.00, 2
434.00, 2
435.00, 2
436.00, 2
437.00, 2
438.00, 2
439.00, 2
440.00, 2
441.00, 2
442.00, 2
443.00, 2
444.00, 2
445.00, 2
446.00, 2
447.00, 2
448.00, 2
449.00, 2
450.00, 2
451.00, 2
452.00, 2
453.00, 2
454.00, 2
455.00, 2
456.00, 2
457.00, 2
458.00, 2
459.00, 2
460.00, 2
461.00, 2
462.00, 2
463.00, 2
464.00, 2
465.00, 2
466.00, 2
467.00, 2
468.00, 2
469.00, 2
470.00, 2
471.00, 2
472.00, 2
473.00, 2
474.00, 2
475.00, 2
476.00, 2
477.00, 2
478.00, 2
479.00, 2
480.00, 2
481.00, 2
482.00, 2
483.00, 2
484.00, 2
485.00, 2
486.00, 2
487.00, 2
488.00, 2
489.00, 2
490.00, 2
491.00, 2
492.00, 2
493.00, 2
494.00, 2
495.00, 2
496.00, 2
497.00, 2
498.00, 2
499.00, 2
500.00, 2
501.00, 2
502.00, 2
503.00, 2
504.00, 2
505.00, 2
506.00, 4
507.00, 6
508.00, 6
509.00, 6
510.00, 6
511.00, 6
512.00, 6
513.00, 6
514.00, 6
515.00, 6
516.00, 6
517.00, 6
518.00, 6
519.00, 6
520.00, 6
521.00, 6
522.00, 6
523.00, 6
524.00, 6
525.00, 6
526.00, 6
527.00, 6
528.00, 6
529.00, 6
530.00, 6
531.00, 6
532.00, 6
533.00, 6
534.00, 6
535.00, 6
536.00, 6
537.00, 6
538.00, 6
539.00, 6
540.00, 6
541.00, 6
542.00, 6
543.00, 6
544.00, 6
545.00, 6
546.00, 6
547.00, 6
548.00, 6
549.00, 6
550.00, 6
551.00, 6
552.00, 6
553.00, 6
554.00, 6
555.00, 6
556.00, 6
557.00, 6
558.00, 6
559.00, 6
560.00, 6
561.00, 6
562.00, 4
563.00, 2
564.00, 2
565.00, 2
566.00, 2
567.00, 2
568.00, 2
569.00, 2
570.00, 2
571.00, 2
572.00, 2
573.00, 2
574.00, 2
575.00, 2
576.00, 2
577.00, 2
578.00, 2
579.00, 2
580.00, 2
581.00, 2
582.00, 2
583.00, 2
584.00, 2
585.00, 2
586.00, 2
587.00, 2
588.00, 2
589.00, 2
590.00, 2
591.00, 2
592.00, 2
593.00, 2
594.00, 2
595.00, 2
596.00, 2
597.00, 2
598.00, 2
599.00, 2
600.00, 2
601.00, 2
602.00, 2
603.00, 2
604.00, 2
605.00, 2
606.00, 2
607.00, 2
608.00, 2
609.00, 2
610.00, 2
611.00, 2
612.00, 2
613.00, 2
614.00, 2
615.00, 2
616.00, 2
617.00, 2
618.00, 2
619.00, 2
620.00, 2
621.00, 2
622.00, 2
623.00, 2
624.00, 2
625.00, 2
626.00, 2
627.00, 2
628.00, 2
629.00, 2
630.00, 2
631.00, 2
632.00, 2
633.00, 2
634.00, 2
635.00, 2
636.00, 2
637.00, 2
638.00, 2
639.00, 2
640.00, 2
641.00, 2
642.00, 2
643.00, 2
644.00, 2
645.00, 2
646.00, 2
647.00, 2
648.00, 2
649.00, 2
650.00, 2
651.00, 2
652.00, 2
653.00, 2
654.00, 2
655.00, 2
656.00, 2
657.00, 2
658.00, 2
659.00, 2
660.00, 2
661.00, 2
662.00, 2
663.00, 2
664.00, 2
665.00, 2
666.00, 2
667.00, 2
668.00, 0
669.00, 0
670.00, 0
671.00, 0
672.00, 0
673.00, 0
674.00, 0
675.00, 0
676.00, 0
677.00, 0
678.00, 0
679.00, 0
680.00, 0
681.00, 0
682.00, 0
683.00, 0
684.00, 0
685.00, 0
686.00, 0
687.00, 0
688.00, 0
689.00, 0
690.00, 0
691.00, 0
692.00, 0
693.00, 0
694.00, 0
695.00, 0
696.00, 0
697.00, 0
698.00, 0
699.00, 0
700.00, 0
701.00, 0
702.00, 0
703.00, 0
704.00, 2
705.00, 2
706.00, 2
707.00, 2
708.00, 2
709.00, 2
710.00, 2
711.00, 2
712.00, 2
713.00, 2
714.00, 2
715.00, 2
716.00, 2
717.00, 2
718.00, 2
719.00, 2
720.00, 2
721.00, 2
722.00, 2
723.00, 2
724.00, 2
725.00, 2
726.00, 2
727.00, 2
728.00, 2
729.00, 2
730.00, 2
731.00, 2
732.00, 2
733.00, 2
734.00, 2
735.00, 2
736.00, 2
737.00, 2
738.00, 2
739.00, 2
740.00, 2
741.00, 2
742.00, 2
743.00, 2
744.00, 2
745.00, 2
746.00, 2
747.00, 2
748.00, 2
749.00, 5
750.00, 5
751.00, 5
752.00, 5
753.00, 5
754.00, 5
755.00, 5
756.00, 5
757.00, 5
758.00, 5
759.00, 5
760.00, 5
761.00, 5
762.00, 5
763.00, 5
764.00, 5
765.00, 5
766.00, 5
767.00, 5
768.00, 5
769.00, 5
770.00, 5
771.00, 5
772.00, 5
773.00, 5
774.00, 5
775.00, 5
776.00, 5
777.00, 5
778.00, 5
779.00, 5
780.00, 5
781.00, 5
782.00, 5
783.00, 5
784.00, 5
785.00, 5
786.00, 5
787.00, 5
788.00, 5
789.00, 5
790.00, 5
791.00, 5
792.00, 5
793.00, 5
794.00, 5
795.00, 5
796.00, 3
797.00, 3
798.00, 3
799.00, 3
800.00, 3
801.00, 3
802.00, 3
803.00, 3
804.00, 3
805.00, 3
806.00, 3
807.00, 3
808.00, 3
809.00, 3
810.00, 3
811.00, 3
812.00, 3
813.00, 3
814.00, 3
815.00, 3
816.00, 3
817.00, 3
818.00, 3
819.00, 3
820.00, 3
821.00, 8
822.00, 8
823.00, 8
824.00, 8
825.00, 8
826.00, 8
827.00, 8
828.00, 8
829.00, 8
830.00, 8
831.00, 8
832.00, 8
833.00, 8
834.00, 8
835.00, 8
836.00, 8
837.00, 8
838.00, 8
839.00, 8
840.00, 8
841.00, 8
842.00, 8
843.00, 8
844.00, 8
845.00, 8
846.00, 8
847.00, 8
848.00, 8
849.00, 8
850.00, 8
851.00, 8
852.00, 8
853.00, 8
854.00, 8
855.00, 8
856.00, 8
857.00, 8
858.00, 8
859.00, 8
860.00, 8
861.00, 8
862.00, 8
863.00, 8
864.00, 8
865.00, 8
866.00, 8
867.00, 8
868.00, 8
869.00, 1
870.00, 1
871.00, 1
872.00, 1
873.00, 1
874.00, 1
875.00, 1
876.00, 1
877.00, 1
878.00, 1
879.00, 1
880.00, 1
881.00, 1
882.00, 1
883.00, 1
884.00, 1
885.00, 1
886.00, 1
887.00, 1
888.00, 1
889.00, 1
890.00, 1
891.00, 1
892.00, 1
893.00, 1
894.00, 1
895.00, 1
896.00, 1
897.00, 1
898.00, 1
899.00, 1
900.00, 1
901.00, 1
902.00, 1
903.00, 7
904.00, 7
905.00, 7
906.00, 7
907.00, 7
908.00, 7
909.00, 7
910.00, 7
911.00, 7
912.00, 7
913.00, 7
914.00, 7
915.00, 7
916.00, 7
917.00, 7
918.00, 7
919.00, 7
920.00, 7
921.00, 7
922.00, 7
923.00, 7
924.00, 7
925.00, 7
926.00, 7
927.00, 7
928.00, 7
929.00, 7
930.00, 7
931.00, 7
932.00, 7
933.00, 7
934.00, 7
935.00, 7
936.00, 7
937.00, 7
938.00, 7
939.00, 7
940.00, 7
941.00, 7
942.00, 7
943.00, 7
944.00, 7
945.00, 7
946.00, 7
947.00, 7
948.00, 7
949.00, 7
950.00, 7
951.00, 7
952.00, 7
953.00, 7
954.00, 7
955.00, 7
956.00, 7
957.00, 7
958.00, 7
959.00, 7
960.00, 7
961.00, 7
962.00, 7
963.00, 7
964.00, 7
965.00, 7
966.00, 7
967.00, 7
968.00, 7
969.00, 7
970.00, 7
971.00, 7
972.00, 7
973.00, 7
974.00, 7
975.00, 7
976.00, 7
977.00, 7
978.00, 7
979.00, 7
980.00, 7
981.00, 7
982.00, 7
983.00, 7
984.00, 7
985.00, 7
986.00, 7
987.00, 7
988.00, 7
989.00, 7
990.00, 7
991.00, 7
992.00, 7
993.00, 7
994.00, 7
995.00, 7
996.00, 6
997.00, 6
998.00, 6
999.00, 6