0.00, 1
1.00, 1
2.00, 1
3.00, 1
4.00, 1
5.00, 8
6.00, 8
7.00, 8
8.00, 8
9.00, 8
10.00, 8
11.00, 8
12.00, 8
13.00, 8
14.00, 8
15.00, 8
16.00, 8
17.00, 8
18.00, 8
19.00, 8
20.00, 8
21.00, 8
22.00, 8
23.00, 8
24.00, 3
25.00, 3
26.00, 3
27.00, 3
28.00, 3
29.00, 3
30.00, 3
31.00, 3
32.00, 3
33.00, 3
34.00, 3
35.00, 3
36.00, 3
37.00, 3
38.00, 3
39.00, 3
40.00, 3
41.00, 3
42.00, 3
43.00, 3
44.00, 3
45.00, 3
46.00, 3
47.00, 3
48.00, 3
49.00, 3
50.00, 3
51.00, 3
52.00, 3
53.00, 3
54.00, 3
55.00, 3
56.00, 3
57.00, 3
58.00, 3
59.00, 3
60.00, 3
61.00, 3
62.00, 3
63.00, 3
64.00, 3
65.00, 3
66.00, 3
67.00, 3
68.00, 3
69.00, 3
70.00, 3
71.00, 3
72.00, 3
73.00, 3
74.00, 3
75.00, 3
76.00, 3
77.00, 3
78.00, 3
79.00, 3
80.00, 3
81.00, 3
82.00, 3
83.00, 3
84.00, 3
85.00, 3
86.00, 3
87.00, 3
88.00, 3
89.00, 3
90.00, 3
91.00, 3
92.00, 3
93.00, 3
94.00, 3
95.00, 3
96.00, 3
97.00, 3
98.00, 3
99.00, 3
100.00, 3
101.00, 3
102.00, 3
103.00, 3
104.00, 3
105.00, 3
106.00, 3
107.00, 3
108.00, 3
109.00, 8
110.00, 8
111.00, 8
112.00, 8
113.00, 8
114.00, 8
115.00, 8
116.00, 8
117.00, 8
118.00, 8
119.00, 8
120.00, 8
121.00, 8
122.00, 8
123.00, 8
124.00, 8
125.00, 8
126.00, 8
127.00, 8
128.00, 8
129.00, 8
130.00, 8
131.00, 8
132.00, 8
133.00, 8
134.00, 8
135.00, 8
136.00, 8
137.00, 8
138.00, 8
139.00, 8
140.00, 8
141.00, 8
142.00, 8
143.00, 8
144.00, 8
145.00, 8
146.00, 8
147.00, 8
148.00, 8
149.00, 8
150.00, 8
151.00, 8
152.00, 8
153.00, 8
154.00, 8
155.00, 8
156.00, 8
157.00, 8
158.00, 8
159.00, 8
160.00, 8
161.00, 8
162.00, 8
163.00, 8
164.00, 8
165.00, 8
166.00, 8
167.00, 8
168.00, 8
169.00, 8
170.00, 8
171.00, 8
172.00, 8
173.00, 8
174.00, 8
175.00, 8
176.00, 8
177.00, 8
178.00, 8
179.00, 8
180.00, 8
181.00, 8
182.00, 8
183.00, 8
184.00, 8
185.00, 8
186.00, 8
187.00, 8
188.00, 8
189.00, 8
190.00, 8
191.00, 8
192.00, 8
193.00, 8
194.00, 8
195.00, 8
196.00, 8
197.00, 8
198.00, 8
199.00, 8
200.00, 8
201.00, 8
202.00, 8
203.00, 8
204.00, 8
205.00, 8
206.00, 8
207.00, 8
208.00, 8
209.00, 8
210.00, 8
211.00, 8
212.00, 8
213.00, 8
214.00, 8
215.00, 8
216.00, 8
217.00, 8
218.00, 8
219.00, 8
220.00, 8
221.00, 8
222.00, 8
223.00, 8
224.00, 8
225.00, 8
226.00, 8
227.00, 8
228.00, 1
229.00, 1
230.00, 1
231.00, 1
232.00, 1
233.00, 1
234.00, 1
235.00, 1
236.00, 1
237.00, 1
238.00, 1
239.00, 1
240.00, 1
241.00, 1
242.00, 1
243.00, 1
244.00, 1
245.00, 1
246.00, 1
247.00, 1
248.00, 1
249.00, 1
250.00, 1
251.00, 1
252.00, 1
253.00, 1
254.00, 1
255.00, 1
256.00, 1
257.00, 1
258.00, 1
259.00, 1
260.00, 1
261.00, 1
262.00, 1
263.00, 1
264.00, 1
265.00, 1
266.00, 1
267.00, 1
268.00, 1
269.00, 1
270.00, 1
271.00, 1
272.00, 1
273.00, 1
274.00, 1
275.00, 1
276.00, 1
277.00, 1
278.00, 1
279.00, 1
280.00, 1
281.00, 1
282.00, 1
283.00, 1
284.00, 1
285.00, 1
286.00, 1
287.00, 1
288.00, 1
289.00, 1
290.00, 1
291.00, 1
292.00, 1
293.00, 1
294.00, 1
295.00, 1
296.00, 1
297.00, 1
298.00, 1
299.00, 1
300.00, 1
301.00, 1
302.00, 1
303.00, 1
304.00, 1
305.00, 1
306.00, 1
307.00, 1
308.00, 1
309.00, 1
310.00, 1
311.00, 1
312.00, 1
313.00, 1
314.00, 1
315.00, 1
316.00, 1
317.00, 1
318.00, 1
319.00, 1
320.00, 1
321.00, 1
322.00, 1
323.00, 1
324.00, 1
325.00, 1
326.00, 1
327.00, 1
328.00, 1
329.00, 1
330.00, 1
331.00, 1
332.00, 1
333.00, 1
334.00, 1
335.00, 1
336.00, 1
337.00, 1
338.00, 1
339.00, 4
340.00, 4
341.00, 4
342.00, 4
343.00, 4
344.00, 4
345.00, 4
346.00, 4
347.00, 4
348.00, 4
349.00, 4
350.00, 4
351.00, 4
352.00, 4
353.00, 4
354.00, 4
355.00, 4
356.00, 4
357.00, 4
358.00, 4
359.00, 4
360.00, 4
361.00, 4
362.00, 4
363.00, 4
364.00, 4
365.00, 4
366.00, 4
367.00, 4
368.00, 4
369.00, 4
370.00, 4
371.00, 4
372.00, 4
373.00, 4
374.00, 4
375.00, 4
376.00, 4
377.00, 4
378.00, 4
379.00, 4
380.00, 4
381.00, 4
382.00, 4
383.00, 4
384.00, 4
385.00, 4
386.00, 4
387.00, 4
388.00, 4
389.00, 1
390.00, 1
391.00, 1
392.00, 1
393.00, 1
394.00, 1
395.00, 1
396.00, 1
397.00, 1
398.00, 1
399.00, 1
400.00, 1
401.00, 1
402.00, 1
403.00, 1
404.00, 1
405.00, 1
406.00, 1
407.00, 1
408.00, 1
409.00, 1
410.00, 1
411.00, 1
412.00, 1
413.00, 1
414.00, 1
415.00, 1
416.00, 1
417.00, 1
418.00, 1
419.00, 1
420.00, 1
421.00, 1
422.00, 1
423.00, 1
424.00, 1
425.00, 1
426.00, 1
427.00, 1
428.00, 1
429.00, 1
430.00, 1
431.00, 1
432.00, 1
433.00, 1
434.00, 1
435.00, 1
436.00, 1
437.00, 7
438.00, 7
439.00, 7
440.00, 7
441.00, 7
442.00, 7
443.00, 7
444.00, 7
445.00, 7
446.00, 7
447.00, 7
448.00, 7
449.00, 7
450.00, 7
451.00, 7
452.00, 7
453.00, 7
454.00, 7
455.00, 7
456.00, 7
457.00, 7
458.00, 7
459.00, 7
460.00, 7
461.00, 7
462.00, 7
463.00, 7
464.00, 7
465.00, 7
466.00, 7
467.00, 7
468.00, 7
469.00, 7
470.00, 7
471.00, 7
472.00, 7
473.00, 6
474.00, 6
475.00, 6
476.00, 6
477.00, 6
478.00, 6
479.00, 6
480.00, 6
481.00, 6
482.00, 6
483.00, 6
484.00, 6
485.00, 6
486.00, 6
487.00, 6
488.00, 6
489.00, 6
490.00, 6
491.00, 6
492.00, 6
493.00, 6
494.00, 6
495.00, 6
496.00, 6
497.00, 6
498.00, 6
499.00, 6
500.00, 4
501.00, 4
502.00, 4
503.00, 4
504.00, 4
505.00, 4
506.00, 4
507.00, 4
508.00, 4
509.00, 4
510.00, 4
511.00, 4
512.00, 4
513.00, 4
514.00, 4
515.00, 4
516.00, 4
517.00, 4
518.00, 4
519.00, 4
520.00, 4
521.00, 4
522.00, 4
523.00, 4
524.00, 4
525.00, 4
526.00, 2
527.00, 2
528.00, 2
529.00, 2
530.00, 2
531.00, 2
532.00, 2
533.00, 2
534.00, 2
535.00, 2
536.00, 2
537.00, 2
538.00, 2
539.00, 2
540.00, 2
541.00, 2
542.00, 2
543.00, 2
544.00, 2
545.00, 3
546.00, 3
547.00, 3
548.00, 3
549.00, 3
550.00, 3
551.00, 3
552.00, 3
553.00, 3
554.00, 3
555.00, 3
556.00, 3
557.00, 3
558.00, 3
559.00, 3
560.00, 3
561.00, 3
562.00, 3
563.00, 3
564.00, 3
565.00, 3
566.00, 3
567.00, 3
568.00, 3
569.00, 3
570.00, 3
571.00, 3
572.00, 3
573.00, 3
574.00, 3
575.00, 3
576.00, 3
577.00, 3
578.00, 3
579.00, 3
580.00, 3
581.00, 3
582.00, 3
583.00, 3
584.00, 3
585.00, 3
586.00, 3
587.00, 3
588.00, 3
589.00, 3
590.00, 3
591.00, 3
592.00, 3
593.00, 3
594.00, 3
595.00, 3
596.00, 3
597.00, 3
598.00, 3
599.00, 3
600.00, 3
601.00, 3
602.00, 3
603.00, 3
604.00, 3
605.00, 3
606.00, 3
607.00, 3
608.00, 3
609.00, 3
610.00, 3
611.00, 3
612.00, 3
613.00, 3
614.00, 3
615.00, 3
616.00, 3
617.00, 3
618.00, 3
619.00, 3
620.00, 3
621.00, 3
622.00, 3
623.00, 3
624.00, 3
625.00, 3
626.00, 3
627.00, 3
628.00, 3
629.00, 3
630.00, 3
631.00, 3
632.00, 3
633.00, 3
634.00, 3
635.00, 3
636.00, 3
637.00, 3
638.00, 3
639.00, 3
640.00, 3
641.00, 3
642.00, 3
643.00, 3
644.00, 3
645.00, 3
646.00, 3
647.00, 8
648.00, 8
649.00, 8
650.00, 8
651.00, 8
652.00, 8
653.00, 8
654.00, 8
655.00, 8
656.00, 8
657.00, 8
658.00, 8
659.00, 8
660.00, 8
661.00, 8
662.00, 8
663.00, 8
664.00, 8
665.00, 8
666.00, 8
667.00, 8
668.00, 8
669.00, 8
670.00, 8
671.00, 8
672.00, 8
673.00, 8
674.00, 8
675.00, 8
676.00, 8
677.00, 8
678.00, 8
679.00, 8
680.00, 8
681.00, 8
682.00, 8
683.00, 8
684.00, 8
685.00, 8
686.00, 8
687.00, 8
688.00, 8
689.00, 4
690.00, 4
691.00, 4
692.00, 4
693.00, 4
694.00, 4
695.00, 4
696.00, 4
697.00, 4
698.00, 4
699.00, 4
700.00, 4
701.00, 4
702.00, 4
703.00, 4
704.00, 4
705.00, 4
706.00, 1
707.00, 1
708.00, 1
709.00, 1
710.00, 1
711.00, 1
712.00, 1
713.00, 1
714.00, 1
715.00, 1
716.00, 1
717.00, 1
718.00, 1
719.00, 1
720.00, 1
721.00, 1
722.00, 1
723.00, 1
724.00, 1
725.00, 1
726.00, 1
727.00, 1
728.00, 1
729.00, 1
730.00, 1
731.00, 1
732.00, 1
733.00, 1
734.00, 1
735.00, 1
736.00, 1
737.00, 1
738.00, 1
739.00, 1
740.00, 1
741.00, 1
742.00, 1
743.00, 1
744.00, 1
745.00, 1
746.00, 1
747.00, 1
748.00, 1
749.00, 1
750.00, 1
751.00, 1
752.00, 1
753.00, 1
754.00, 1
755.00, 1
756.00, 1
757.00, 1
758.00, 1
759.00, 1
760.00, 1
761.00, 1
762.00, 1
763.00, 1
764.00, 1
765.00, 1
766.00, 8
767.00, 8
768.00, 8
769.00, 8
770.00, 8
771.00, 8
772.00, 8
773.00, 8
774.00, 8
775.00, 8
776.00, 8
777.00, 8
778.00, 8
779.00, 8
780.00, 8
781.00, 8
782.00, 8
783.00, 8
784.00, 8
785.00, 8
786.00, 8
787.00, 8
788.00, 8
789.00, 8
790.00, 8
791.00, 8
792.00, 8
793.00, 8
794.00, 8
795.00, 8
796.00, 8
797.00, 8
798.00, 8
799.00, 8
800.00, 8
801.00, 8
802.00, 8
803.00, 8
804.00, 3
805.00, 3
806.00, 3
807.00, 3
808.00, 3
809.00, 3
810.00, 3
811.00, 3
812.00, 3
813.00, 3
814.00, 3
815.00, 3
816.00, 3
817.00, 3
818.00, 3
819.00, 3
820.00, 3
821.00, 3
822.00, 3
823.00, 3
824.00, 3
825.00, 3
826.00, 3
827.00, 3
828.00, 3
829.00, 3
830.00, 3
831.00, 3
832.00, 3
833.00, 3
834.00, 3
835.00, 3
836.00, 3
837.00, 3
838.00, 3
839.00, 3
840.00, 3
841.00, 3
842.00, 3
843.00, 3
844.00, 3
845.00, 3
846.00, 3
847.00, 3
848.00, 3
849.00, 3
850.00, 3
851.00, 3
852.00, 3
853.00, 3
854.00, 3
855.00, 3
856.00, 3
857.00, 3
858.00, 3
859.00, 3
860.00, 3
861.00, 3
862.00, 3
863.00, 3
864.00, 3
865.00, 3
866.00, 3
867.00, 3
868.00, 3
869.00, 3
870.00, 3
871.00, 3
872.00, 3
873.00, 3
874.00, 3
875.00, 3
876.00, 3
877.00, 3
878.00, 3
879.00, 3
880.00, 5
881.00, 5
882.00, 5
883.00, 5
884.00, 5
885.00, 5
886.00, 5
887.00, 5
888.00, 5
889.00, 5
890.00, 5
891.00, 5
892.00, 5
893.00, 5
894.00, 5
895.00, 5
896.00, 5
897.00, 5
898.00, 5
899.00, 5
900.00, 5
901.00, 5
902.00, 5
903.00, 5
904.00, 5
905.00, 5
906.00, 5
907.00, 5
908.00, 5
909.00, 5
910.00, 5
911.00, 5
912.00, 5
913.00, 5
914.00, 5
915.00, 2
916.00, 2
917.00, 2
918.00, 2
919.00, 2
920.00, 2
921.00, 2
922.00, 2
923.00, 2
924.00, 2
925.00, 2
926.00, 2
927.00, 2
928.00, 2
929.00, 2
930.00, 2
931.00, 2
932.00, 2
933.00, 2
934.00, 2
935.00, 2
936.00, 2
937.00, 2
938.00, 2
939.00, 2
940.00, 2
941.00, 2
942.00, 2
943.00, 2
944.00, 2
945.00, 2
946.00, 2
947.00, 2
948.00, 2
949.00, 2
950.00, 2
951.00, 2
952.00, 2
953.00, 2
954.00, 2
955.00, 2
956.00, 2
957.00, 2
958.00, 2
959.00, 2
960.00, 0
961.00, 0
962.00, 0
963.00, 0
964.00, 0
965.00, 0
966.00, 0
967.00, 0
968.00, 0
969.00, 0
970.00, 0
971.00, 0
972.00, 0
973.00, 0
974.00, 0
975.00, 0
976.00, 0
977.00, 0
978.00, 0
979.00, 0
980.00, 0
981.00, 0
982.00, 0
983.00, 0
984.00, 0
985.00, 0
986.00, 0
987.00, 0
988.00, 0
989.00, 0
990.00, 0
991.00, 0
992.00, 0
993.00, 0
994.00, 0
995.00, 5
996.00, 2
997.00, 2
998.00, 2
999.00, 2