0.00, 7
1.00, 7
2.00, 7
3.00, 6
4.00, 6
5.00, 6
6.00, 6
7.00, 6
8.00, 6
9.00, 6
10.00, 6
11.00, 6
12.00, 6
13.00, 6
14.00, 6
15.00, 6
16.00, 6
17.00, 6
18.00, 6
19.00, 6
20.00, 6
21.00, 6
22.00, 6
23.00, 6
24.00, 6
25.00, 6
26.00, 6
27.00, 6
28.00, 6
29.00, 6
30.00, 6
31.00, 6
32.00, 6
33.00, 6
34.00, 6
35.00, 6
36.00, 6
37.00, 6
38.00, 6
39.00, 6
40.00, 6
41.00, 6
42.00, 6
43.00, 6
44.00, 6
45.00, 6
46.00, 6
47.00, 6
48.00, 6
49.00, 6
50.00, 6
51.00, 6
52.00, 6
53.00, 6
54.00, 6
55.00, 6
56.00, 6
57.00, 6
58.00, 6
59.00, 6
60.00, 6
61.00, 6
62.00, 6
63.00, 6
64.00, 6
65.00, 6
66.00, 6
67.00, 6
68.00, 6
69.00, 6
70.00, 6
71.00, 6
72.00, 6
73.00, 6
74.00, 6
75.00, 6
76.00, 6
77.00, 6
78.00, 6
79.00, 6
80.00, 7
81.00, 7
82.00, 7
83.00, 7
84.00, 7
85.00, 7
86.00, 7
87.00, 7
88.00, 7
89.00, 7
90.00, 7
91.00, 7
92.00, 7
93.00, 7
94.00, 7
95.00, 7
96.00, 7
97.00, 7
98.00, 7
99.00, 7
100.00, 7
101.00, 7
102.00, 7
103.00, 7
104.00, 7
105.00, 7
106.00, 7
107.00, 7
108.00, 7
109.00, 7
110.00, 7
111.00, 7
112.00, 7
113.00, 7
114.00, 7
115.00, 7
116.00, 7
117.00, 7
118.00, 7
119.00, 7
120.00, 7
121.00, 7
122.00, 7
123.00, 7
124.00, 7
125.00, 7
126.00, 7
127.00, 7
128.00, 7
129.00, 7
130.00, 7
131.00, 7
132.00, 7
133.00, 7
134.00, 7
135.00, 7
136.00, 7
137.00, 7
138.00, 7
139.00, 7
140.00, 7
141.00, 7
142.00, 7
143.00, 7
144.00, 7
145.00, 7
146.00, 7
147.00, 7
148.00, 7
149.00, 7
150.00, 7
151.00, 7
152.00, 6
153.00, 6
154.00, 6
155.00, 6
156.00, 6
157.00, 6
158.00, 6
159.00, 6
160.00, 6
161.00, 6
162.00, 6
163.00, 6
164.00, 6
165.00, 6
166.00, 6
167.00, 6
168.00, 6
169.00, 6
170.00, 6
171.00, 6
172.00, 6
173.00, 6
174.00, 6
175.00, 6
176.00, 6
177.00, 6
178.00, 6
179.00, 6
180.00, 6
181.00, 6
182.00, 6
183.00, 6
184.00, 6
185.00, 6
186.00, 6
187.00, 6
188.00, 6
189.00, 6
190.00, 6
191.00, 6
192.00, 6
193.00, 6
194.00, 6
195.00, 6
196.00, 6
197.00, 6
198.00, 6
199.00, 6
200.00, 6
201.00, 6
202.00, 6
203.00, 6
204.00, 6
205.00, 6
206.00, 6
207.00, 6
208.00, 6
209.00, 6
210.00, 6
211.00, 6
212.00, 6
213.00, 6
214.00, 6
215.00, 6
216.00, 6
217.00, 6
218.00, 6
219.00, 6
220.00, 6
221.00, 6
222.00, 6
223.00, 6
224.00, 6
225.00, 6
226.00, 6
227.00, 6
228.00, 6
229.00, 6
230.00, 6
231.00, 6
232.00, 6
233.00, 6
234.00, 6
235.00, 6
236.00, 6
237.00, 6
238.00, 6
239.00, 6
240.00, 6
241.00, 6
242.00, 6
243.00, 6
244.00, 6
245.00, 6
246.00, 6
247.00, 6
248.00, 1
249.00, 1
250.00, 1
251.00, 1
252.00, 1
253.00, 1
254.00, 1
255.00, 1
256.00, 1
257.00, 1
258.00, 1
259.00, 1
260.00, 1
261.00, 1
262.00, 1
263.00, 1
264.00, 1
265.00, 1
266.00, 1
267.00, 1
268.00, 1
269.00, 1
270.00, 1
271.00, 1
272.00, 1
273.00, 1
274.00, 1
275.00, 1
276.00, 1
277.00, 1
278.00, 1
279.00, 1
280.00, 1
281.00, 1
282.00, 1
283.00, 1
284.00, 1
285.00, 1
286.00, 1
287.00, 1
288.00, 1
289.00, 1
290.00, 1
291.00, 1
292.00, 1
293.00, 1
294.00, 1
295.00, 1
296.00, 1
297.00, 1
298.00, 1
299.00, 1
300.00, 1
301.00, 1
302.00, 1
303.00, 1
304.00, 1
305.00, 1
306.00, 1
307.00, 1
308.00, 1
309.00, 1
310.00, 1
311.00, 1
312.00, 1
313.00, 1
314.00, 8
315.00, 3
316.00, 3
317.00, 3
318.00, 3
319.00, 3
320.00, 3
321.00, 3
322.00, 3
323.00, 3
324.00, 3
325.00, 3
326.00, 3
327.00, 3
328.00, 3
329.00, 3
330.00, 3
331.00, 3
332.00, 3
333.00, 8
334.00, 8
335.00, 8
336.00, 8
337.00, 8
338.00, 8
339.00, 8
340.00, 8
341.00, 8
342.00, 8
343.00, 8
344.00, 8
345.00, 8
346.00, 8
347.00, 8
348.00, 8
349.00, 8
350.00, 8
351.00, 8
352.00, 8
353.00, 8
354.00, 8
355.00, 8
356.00, 8
357.00, 8
358.00, 8
359.00, 8
360.00, 8
361.00, 3
362.00, 3
363.00, 3
364.00, 3
365.00, 3
366.00, 3
367.00, 3
368.00, 3
369.00, 3
370.00, 3
371.00, 3
372.00, 3
373.00, 3
374.00, 3
375.00, 3
376.00, 3
377.00, 3
378.00, 3
379.00, 3
380.00, 3
381.00, 3
382.00, 3
383.00, 3
384.00, 3
385.00, 3
386.00, 3
387.00, 3
388.00, 3
389.00, 3
390.00, 3
391.00, 3
392.00, 3
393.00, 3
394.00, 3
395.00, 3
396.00, 3
397.00, 3
398.00, 3
399.00, 3
400.00, 3
401.00, 4
402.00, 4
403.00, 4
404.00, 4
405.00, 4
406.00, 4
407.00, 4
408.00, 4
409.00, 4
410.00, 4
411.00, 4
412.00, 4
413.00, 4
414.00, 4
415.00, 4
416.00, 4
417.00, 4
418.00, 4
419.00, 4
420.00, 4
421.00, 4
422.00, 4
423.00, 4
424.00, 4
425.00, 4
426.00, 4
427.00, 4
428.00, 4
429.00, 4
430.00, 4
431.00, 4
432.00, 4
433.00, 4
434.00, 0
435.00, 1
436.00, 1
437.00, 1
438.00, 1
439.00, 1
440.00, 1
441.00, 1
442.00, 1
443.00, 1
444.00, 1
445.00, 1
446.00, 1
447.00, 1
448.00, 1
449.00, 1
450.00, 1
451.00, 1
452.00, 1
453.00, 1
454.00, 1
455.00, 1
456.00, 1
457.00, 1
458.00, 1
459.00, 1
460.00, 1
461.00, 1
462.00, 1
463.00, 1
464.00, 1
465.00, 1
466.00, 1
467.00, 1
468.00, 1
469.00, 1
470.00, 1
471.00, 1
472.00, 1
473.00, 1
474.00, 1
475.00, 1
476.00, 1
477.00, 1
478.00, 1
479.00, 1
480.00, 1
481.00, 1
482.00, 1
483.00, 1
484.00, 1
485.00, 1
486.00, 1
487.00, 1
488.00, 1
489.00, 1
490.00, 1
491.00, 1
492.00, 1
493.00, 1
494.00, 1
495.00, 1
496.00, 1
497.00, 1
498.00, 1
499.00, 1
500.00, 1
501.00, 1
502.00, 1
503.00, 1
504.00, 1
505.00, 1
506.00, 1
507.00, 1
508.00, 1
509.00, 1
510.00, 1
511.00, 1
512.00, 1
513.00, 1
514.00, 1
515.00, 1
516.00, 1
517.00, 1
518.00, 7
519.00, 7
520.00, 7
521.00, 7
522.00, 7
523.00, 7
524.00, 7
525.00, 7
526.00, 7
527.00, 7
528.00, 7
529.00, 7
530.00, 7
531.00, 7
532.00, 7
533.00, 7
534.00, 7
535.00, 7
536.00, 7
537.00, 7
538.00, 7
539.00, 7
540.00, 7
541.00, 7
542.00, 7
543.00, 7
544.00, 7
545.00, 7
546.00, 7
547.00, 7
548.00, 7
549.00, 7
550.00, 7
551.00, 7
552.00, 7
553.00, 7
554.00, 7
555.00, 7
556.00, 7
557.00, 7
558.00, 7
559.00, 7
560.00, 7
561.00, 7
562.00, 7
563.00, 7
564.00, 7
565.00, 7
566.00, 7
567.00, 7
568.00, 7
569.00, 7
570.00, 7
571.00, 7
572.00, 7
573.00, 7
574.00, 7
575.00, 7
576.00, 7
577.00, 7
578.00, 7
579.00, 7
580.00, 7
581.00, 7
582.00, 7
583.00, 7
584.00, 7
585.00, 7
586.00, 7
587.00, 1
588.00, 1
589.00, 1
590.00, 1
591.00, 1
592.00, 1
593.00, 1
594.00, 1
595.00, 1
596.00, 1
597.00, 7
598.00, 7
599.00, 7
600.00, 7
601.00, 7
602.00, 7
603.00, 7
604.00, 7
605.00, 7
606.00, 7
607.00, 7
608.00, 7
609.00, 7
610.00, 7
611.00, 7
612.00, 7
613.00, 7
614.00, 7
615.00, 7
616.00, 7
617.00, 7
618.00, 7
619.00, 7
620.00, 7
621.00, 7
622.00, 7
623.00, 7
624.00, 7
625.00, 7
626.00, 7
627.00, 7
628.00, 7
629.00, 7
630.00, 7
631.00, 7
632.00, 7
633.00, 7
634.00, 7
635.00, 7
636.00, 7
637.00, 7
638.00, 7
639.00, 7
640.00, 7
641.00, 7
642.00, 7
643.00, 7
644.00, 7
645.00, 7
646.00, 7
647.00, 7
648.00, 7
649.00, 7
650.00, 7
651.00, 7
652.00, 7
653.00, 7
654.00, 7
655.00, 7
656.00, 7
657.00, 1
658.00, 1
659.00, 1
660.00, 1
661.00, 1
662.00, 1
663.00, 1
664.00, 1
665.00, 1
666.00, 1
667.00, 1
668.00, 1
669.00, 1
670.00, 1
671.00, 1
672.00, 1
673.00, 1
674.00, 1
675.00, 1
676.00, 1
677.00, 1
678.00, 1
679.00, 1
680.00, 1
681.00, 1
682.00, 1
683.00, 1
684.00, 1
685.00, 1
686.00, 1
687.00, 1
688.00, 1
689.00, 1
690.00, 1
691.00, 1
692.00, 1
693.00, 1
694.00, 1
695.00, 1
696.00, 1
697.00, 1
698.00, 1
699.00, 1
700.00, 1
701.00, 1
702.00, 1
703.00, 1
704.00, 1
705.00, 1
706.00, 1
707.00, 1
708.00, 1
709.00, 1
710.00, 1
711.00, 1
712.00, 1
713.00, 1
714.00, 1
715.00, 1
716.00, 1
717.00, 1
718.00, 1
719.00, 1
720.00, 1
721.00, 1
722.00, 1
723.00, 1
724.00, 1
725.00, 1
726.00, 1
727.00, 1
728.00, 1
729.00, 1
730.00, 1
731.00, 1
732.00, 1
733.00, 1
734.00, 1
735.00, 1
736.00, 1
737.00, 1
738.00, 1
739.00, 1
740.00, 1
741.00, 1
742.00, 1
743.00, 1
744.00, 1
745.00, 1
746.00, 1
747.00, 1
748.00, 4
749.00, 4
750.00, 4
751.00, 4
752.00, 4
753.00, 4
754.00, 4
755.00, 4
756.00, 4
757.00, 4
758.00, 4
759.00, 4
760.00, 4
761.00, 4
762.00, 4
763.00, 4
764.00, 4
765.00, 4
766.00, 4
767.00, 4
768.00, 4
769.00, 4
770.00, 4
771.00, 6
772.00, 6
773.00, 6
774.00, 6
775.00, 6
776.00, 6
777.00, 6
778.00, 6
779.00, 6
780.00, 6
781.00, 6
782.00, 6
783.00, 6
784.00, 6
785.00, 6
786.00, 6
787.00, 6
788.00, 6
789.00, 6
790.00, 6
791.00, 6
792.00, 6
793.00, 6
794.00, 6
795.00, 6
796.00, 6
797.00, 6
798.00, 6
799.00, 6
800.00, 6
801.00, 6
802.00, 6
803.00, 6
804.00, 6
805.00, 6
806.00, 6
807.00, 6
808.00, 6
809.00, 6
810.00, 6
811.00, 6
812.00, 6
813.00, 6
814.00, 6
815.00, 6
816.00, 6
817.00, 6
818.00, 6
819.00, 6
820.00, 6
821.00, 6
822.00, 6
823.00, 6
824.00, 6
825.00, 6
826.00, 6
827.00, 6
828.00, 6
829.00, 6
830.00, 6
831.00, 6
832.00, 6
833.00, 6
834.00, 6
835.00, 6
836.00, 6
837.00, 6
838.00, 6
839.00, 6
840.00, 6
841.00, 6
842.00, 7
843.00, 7
844.00, 7
845.00, 7
846.00, 7
847.00, 7
848.00, 7
849.00, 7
850.00, 7
851.00, 7
852.00, 7
853.00, 7
854.00, 7
855.00, 7
856.00, 7
857.00, 7
858.00, 7
859.00, 7
860.00, 7
861.00, 7
862.00, 7
863.00, 7
864.00, 7
865.00, 7
866.00, 7
867.00, 7
868.00, 7
869.00, 7
870.00, 7
871.00, 7
872.00, 7
873.00, 7
874.00, 7
875.00, 7
876.00, 7
877.00, 7
878.00, 7
879.00, 7
880.00, 7
881.00, 7
882.00, 7
883.00, 7
884.00, 7
885.00, 7
886.00, 7
887.00, 7
888.00, 7
889.00, 7
890.00, 7
891.00, 7
892.00, 7
893.00, 7
894.00, 7
895.00, 7
896.00, 7
897.00, 7
898.00, 7
899.00, 7
900.00, 7
901.00, 7
902.00, 7
903.00, 7
904.00, 7
905.00, 7
906.00, 7
907.00, 7
908.00, 7
909.00, 7
910.00, 7
911.00, 1
912.00, 1
913.00, 1
914.00, 1
915.00, 1
916.00, 1
917.00, 1
918.00, 1
919.00, 1
920.00, 1
921.00, 1
922.00, 1
923.00, 1
924.00, 1
925.00, 1
926.00, 1
927.00, 1
928.00, 1
929.00, 1
930.00, 1
931.00, 1
932.00, 1
933.00, 1
934.00, 1
935.00, 1
936.00, 1
937.00, 1
938.00, 1
939.00, 1
940.00, 1
941.00, 1
942.00, 1
943.00, 1
944.00, 1
945.00, 1
946.00, 1
947.00, 1
948.00, 1
949.00, 1
950.00, 1
951.00, 1
952.00, 1
953.00, 1
954.00, 1
955.00, 1
956.00, 1
957.00, 1
958.00, 1
959.00, 1
960.00, 1
961.00, 1
962.00, 1
963.00, 1
964.00, 1
965.00, 1
966.00, 1
967.00, 1
968.00, 1
969.00, 1
970.00, 1
971.00, 1
972.00, 1
973.00, 1
974.00, 1
975.00, 1
976.00, 1
977.00, 1
978.00, 1
979.00, 1
980.00, 1
981.00, 1
982.00, 1
983.00, 1
984.00, 1
985.00, 1
986.00, 1
987.00, 1
988.00, 1
989.00, 1
990.00, 1
991.00, 1
992.00, 1
993.00, 1
994.00, 1
995.00, 1
996.00, 1
997.00, 1
998.00, 1
999.00, 1