0.00, 0
1.00, 0
2.00, 0
3.00, 0
4.00, 0
5.00, 0
6.00, 0
7.00, 0
8.00, 0
9.00, 0
10.00, 0
11.00, 0
12.00, 0
13.00, 0
14.00, 0
15.00, 0
16.00, 0
17.00, 0
18.00, 0
19.00, 0
20.00, 0
21.00, 0
22.00, 0
23.00, 0
24.00, 0
25.00, 0
26.00, 0
27.00, 0
28.00, 2
29.00, 2
30.00, 2
31.00, 2
32.00, 2
33.00, 2
34.00, 2
35.00, 2
36.00, 2
37.00, 2
38.00, 2
39.00, 2
40.00, 2
41.00, 2
42.00, 2
43.00, 2
44.00, 2
45.00, 2
46.00, 2
47.00, 2
48.00, 2
49.00, 2
50.00, 2
51.00, 2
52.00, 2
53.00, 2
54.00, 2
55.00, 2
56.00, 2
57.00, 2
58.00, 2
59.00, 2
60.00, 2
61.00, 2
62.00, 2
63.00, 2
64.00, 2
65.00, 2
66.00, 2
67.00, 2
68.00, 2
69.00, 2
70.00, 2
71.00, 2
72.00, 2
73.00, 2
74.00, 2
75.00, 2
76.00, 2
77.00, 2
78.00, 2
79.00, 2
80.00, 2
81.00, 2
82.00, 2
83.00, 2
84.00, 2
85.00, 2
86.00, 2
87.00, 2
88.00, 2
89.00, 2
90.00, 2
91.00, 2
92.00, 2
93.00, 2
94.00, 2
95.00, 2
96.00, 2
97.00, 2
98.00, 2
99.00, 2
100.00, 2
101.00, 2
102.00, 2
103.00, 2
104.00, 2
105.00, 2
106.00, 2
107.00, 2
108.00, 2
109.00, 2
110.00, 5
111.00, 5
112.00, 5
113.00, 5
114.00, 5
115.00, 5
116.00, 5
117.00, 5
118.00, 5
119.00, 5
120.00, 5
121.00, 5
122.00, 5
123.00, 5
124.00, 5
125.00, 5
126.00, 5
127.00, 5
128.00, 5
129.00, 5
130.00, 5
131.00, 5
132.00, 5
133.00, 5
134.00, 5
135.00, 5
136.00, 5
137.00, 5
138.00, 5
139.00, 5
140.00, 5
141.00, 5
142.00, 5
143.00, 5
144.00, 5
145.00, 5
146.00, 5
147.00, 5
148.00, 5
149.00, 5
150.00, 5
151.00, 5
152.00, 5
153.00, 5
154.00, 5
155.00, 5
156.00, 5
157.00, 5
158.00, 5
159.00, 5
160.00, 5
161.00, 5
162.00, 5
163.00, 5
164.00, 5
165.00, 5
166.00, 5
167.00, 5
168.00, 5
169.00, 5
170.00, 5
171.00, 5
172.00, 5
173.00, 5
174.00, 5
175.00, 5
176.00, 5
177.00, 5
178.00, 5
179.00, 5
180.00, 5
181.00, 5
182.00, 5
183.00, 5
184.00, 5
185.00, 5
186.00, 5
187.00, 5
188.00, 5
189.00, 5
190.00, 5
191.00, 5
192.00, 5
193.00, 5
194.00, 5
195.00, 5
196.00, 5
197.00, 5
198.00, 5
199.00, 5
200.00, 5
201.00, 5
202.00, 5
203.00, 5
204.00, 5
205.00, 5
206.00, 5
207.00, 5
208.00, 5
209.00, 5
210.00, 5
211.00, 5
212.00, 5
213.00, 5
214.00, 5
215.00, 5
216.00, 5
217.00, 5
218.00, 5
219.00, 5
220.00, 5
221.00, 5
222.00, 5
223.00, 5
224.00, 5
225.00, 5
226.00, 5
227.00, 5
228.00, 5
229.00, 5
230.00, 5
231.00, 5
232.00, 5
233.00, 5
234.00, 5
235.00, 5
236.00, 5
237.00, 5
238.00, 5
239.00, 5
240.00, 5
241.00, 5
242.00, 5
243.00, 5
244.00, 5
245.00, 5
246.00, 5
247.00, 5
248.00, 5
249.00, 5
250.00, 5
251.00, 5
252.00, 5
253.00, 2
254.00, 2
255.00, 2
256.00, 2
257.00, 2
258.00, 2
259.00, 2
260.00, 2
261.00, 2
262.00, 2
263.00, 2
264.00, 2
265.00, 2
266.00, 2
267.00, 2
268.00, 2
269.00, 2
270.00, 2
271.00, 2
272.00, 2
273.00, 2
274.00, 2
275.00, 2
276.00, 2
277.00, 2
278.00, 2
279.00, 2
280.00, 2
281.00, 2
282.00, 2
283.00, 2
284.00, 2
285.00, 2
286.00, 2
287.00, 2
288.00, 2
289.00, 2
290.00, 2
291.00, 2
292.00, 2
293.00, 2
294.00, 5
295.00, 5
296.00, 5
297.00, 5
298.00, 5
299.00, 5
300.00, 5
301.00, 5
302.00, 5
303.00, 5
304.00, 5
305.00, 5
306.00, 5
307.00, 5
308.00, 5
309.00, 5
310.00, 5
311.00, 5
312.00, 5
313.00, 5
314.00, 5
315.00, 5
316.00, 5
317.00, 5
318.00, 5
319.00, 5
320.00, 5
321.00, 5
322.00, 5
323.00, 5
324.00, 5
325.00, 5
326.00, 5
327.00, 5
328.00, 5
329.00, 5
330.00, 5
331.00, 5
332.00, 5
333.00, 5
334.00, 5
335.00, 5
336.00, 5
337.00, 5
338.00, 5
339.00, 5
340.00, 5
341.00, 5
342.00, 5
343.00, 5
344.00, 5
345.00, 5
346.00, 5
347.00, 5
348.00, 5
349.00, 5
350.00, 5
351.00, 5
352.00, 5
353.00, 5
354.00, 5
355.00, 5
356.00, 5
357.00, 5
358.00, 5
359.00, 5
360.00, 5
361.00, 5
362.00, 5
363.00, 5
364.00, 5
365.00, 5
366.00, 5
367.00, 3
368.00, 3
369.00, 3
370.00, 3
371.00, 3
372.00, 3
373.00, 3
374.00, 3
375.00, 3
376.00, 3
377.00, 3
378.00, 3
379.00, 3
380.00, 3
381.00, 3
382.00, 3
383.00, 3
384.00, 3
385.00, 3
386.00, 3
387.00, 3
388.00, 3
389.00, 3
390.00, 3
391.00, 3
392.00, 8
393.00, 8
394.00, 8
395.00, 8
396.00, 8
397.00, 8
398.00, 8
399.00, 8
400.00, 8
401.00, 8
402.00, 8
403.00, 8
404.00, 8
405.00, 8
406.00, 8
407.00, 8
408.00, 8
409.00, 8
410.00, 8
411.00, 8
412.00, 8
413.00, 8
414.00, 8
415.00, 8
416.00, 8
417.00, 8
418.00, 8
419.00, 8
420.00, 8
421.00, 8
422.00, 8
423.00, 8
424.00, 8
425.00, 8
426.00, 8
427.00, 8
428.00, 8
429.00, 8
430.00, 8
431.00, 8
432.00, 8
433.00, 8
434.00, 8
435.00, 8
436.00, 8
437.00, 8
438.00, 8
439.00, 8
440.00, 8
441.00, 8
442.00, 1
443.00, 1
444.00, 1
445.00, 1
446.00, 1
447.00, 1
448.00, 1
449.00, 1
450.00, 1
451.00, 1
452.00, 1
453.00, 1
454.00, 1
455.00, 1
456.00, 1
457.00, 1
458.00, 1
459.00, 1
460.00, 1
461.00, 1
462.00, 1
463.00, 1
464.00, 1
465.00, 1
466.00, 1
467.00, 1
468.00, 1
469.00, 1
470.00, 1
471.00, 1
472.00, 1
473.00, 1
474.00, 1
475.00, 1
476.00, 1
477.00, 1
478.00, 1
479.00, 1
480.00, 1
481.00, 1
482.00, 1
483.00, 1
484.00, 1
485.00, 1
486.00, 1
487.00, 1
488.00, 1
489.00, 1
490.00, 1
491.00, 1
492.00, 1
493.00, 1
494.00, 1
495.00, 7
496.00, 7
497.00, 7
498.00, 7
499.00, 7
500.00, 7
501.00, 7
502.00, 7
503.00, 7
504.00, 7
505.00, 7
506.00, 7
507.00, 7
508.00, 7
509.00, 7
510.00, 7
511.00, 7
512.00, 7
513.00, 7
514.00, 7
515.00, 7
516.00, 7
517.00, 7
518.00, 7
519.00, 7
520.00, 7
521.00, 7
522.00, 7
523.00, 7
524.00, 7
525.00, 7
526.00, 7
527.00, 7
528.00, 7
529.00, 7
530.00, 7
531.00, 7
532.00, 7
533.00, 7
534.00, 7
535.00, 7
536.00, 7
537.00, 7
538.00, 7
539.00, 7
540.00, 7
541.00, 7
542.00, 7
543.00, 7
544.00, 7
545.00, 7
546.00, 7
547.00, 7
548.00, 7
549.00, 7
550.00, 7
551.00, 7
552.00, 7
553.00, 7
554.00, 7
555.00, 7
556.00, 7
557.00, 7
558.00, 7
559.00, 7
560.00, 7
561.00, 7
562.00, 7
563.00, 7
564.00, 7
565.00, 7
566.00, 7
567.00, 7
568.00, 7
569.00, 7
570.00, 7
571.00, 7
572.00, 7
573.00, 7
574.00, 7
575.00, 7
576.00, 7
577.00, 7
578.00, 7
579.00, 7
580.00, 7
581.00, 7
582.00, 7
583.00, 7
584.00, 7
585.00, 7
586.00, 7
587.00, 7
588.00, 7
589.00, 7
590.00, 7
591.00, 7
592.00, 7
593.00, 7
594.00, 7
595.00, 7
596.00, 7
597.00, 7
598.00, 7
599.00, 7
600.00, 7
601.00, 7
602.00, 7
603.00, 7
604.00, 7
605.00, 7
606.00, 7
607.00, 7
608.00, 7
609.00, 7
610.00, 7
611.00, 7
612.00, 7
613.00, 7
614.00, 7
615.00, 7
616.00, 7
617.00, 7
618.00, 7
619.00, 7
620.00, 7
621.00, 7
622.00, 7
623.00, 7
624.00, 7
625.00, 7
626.00, 7
627.00, 7
628.00, 7
629.00, 7
630.00, 7
631.00, 7
632.00, 7
633.00, 7
634.00, 7
635.00, 7
636.00, 7
637.00, 7
638.00, 7
639.00, 7
640.00, 7
641.00, 7
642.00, 7
643.00, 7
644.00, 7
645.00, 7
646.00, 7
647.00, 7
648.00, 7
649.00, 7
650.00, 7
651.00, 7
652.00, 7
653.00, 1
654.00, 1
655.00, 1
656.00, 1
657.00, 1
658.00, 1
659.00, 1
660.00, 1
661.00, 1
662.00, 1
663.00, 1
664.00, 1
665.00, 1
666.00, 1
667.00, 1
668.00, 1
669.00, 1
670.00, 1
671.00, 1
672.00, 1
673.00, 1
674.00, 4
675.00, 4
676.00, 4
677.00, 4
678.00, 4
679.00, 4
680.00, 4
681.00, 4
682.00, 4
683.00, 4
684.00, 4
685.00, 4
686.00, 4
687.00, 4
688.00, 4
689.00, 4
690.00, 4
691.00, 4
692.00, 4
693.00, 4
694.00, 4
695.00, 4
696.00, 4
697.00, 4
698.00, 4
699.00, 4
700.00, 4
701.00, 4
702.00, 4
703.00, 4
704.00, 4
705.00, 4
706.00, 4
707.00, 4
708.00, 4
709.00, 4
710.00, 4
711.00, 4
712.00, 4
713.00, 4
714.00, 4
715.00, 4
716.00, 4
717.00, 4
718.00, 4
719.00, 4
720.00, 4
721.00, 4
722.00, 4
723.00, 4
724.00, 4
725.00, 4
726.00, 4
727.00, 4
728.00, 4
729.00, 4
730.00, 4
731.00, 4
732.00, 4
733.00, 4
734.00, 4
735.00, 2
736.00, 2
737.00, 2
738.00, 2
739.00, 2
740.00, 2
741.00, 2
742.00, 2
743.00, 2
744.00, 2
745.00, 2
746.00, 2
747.00, 2
748.00, 5
749.00, 5
750.00, 5
751.00, 5
752.00, 5
753.00, 5
754.00, 5
755.00, 5
756.00, 5
757.00, 5
758.00, 5
759.00, 5
760.00, 5
761.00, 5
762.00, 5
763.00, 5
764.00, 5
765.00, 5
766.00, 5
767.00, 5
768.00, 5
769.00, 5
770.00, 5
771.00, 5
772.00, 5
773.00, 5
774.00, 5
775.00, 5
776.00, 5
777.00, 5
778.00, 5
779.00, 3
780.00, 3
781.00, 3
782.00, 3
783.00, 3
784.00, 3
785.00, 3
786.00, 3
787.00, 3
788.00, 3
789.00, 3
790.00, 3
791.00, 3
792.00, 3
793.00, 3
794.00, 3
795.00, 3
796.00, 3
797.00, 3
798.00, 3
799.00, 3
800.00, 3
801.00, 3
802.00, 3
803.00, 3
804.00, 3
805.00, 3
806.00, 3
807.00, 3
808.00, 3
809.00, 3
810.00, 3
811.00, 3
812.00, 3
813.00, 3
814.00, 3
815.00, 3
816.00, 3
817.00, 3
818.00, 3
819.00, 3
820.00, 3
821.00, 3
822.00, 3
823.00, 3
824.00, 3
825.00, 3
826.00, 3
827.00, 3
828.00, 3
829.00, 3
830.00, 3
831.00, 3
832.00, 3
833.00, 3
834.00, 3
835.00, 3
836.00, 3
837.00, 3
838.00, 3
839.00, 3
840.00, 3
841.00, 3
842.00, 3
843.00, 3
844.00, 3
845.00, 3
846.00, 3
847.00, 3
848.00, 3
849.00, 3
850.00, 3
851.00, 3
852.00, 3
853.00, 3
854.00, 3
855.00, 3
856.00, 3
857.00, 3
858.00, 3
859.00, 3
860.00, 3
861.00, 3
862.00, 3
863.00, 3
864.00, 3
865.00, 3
866.00, 3
867.00, 3
868.00, 3
869.00, 3
870.00, 3
871.00, 3
872.00, 3
873.00, 3
874.00, 3
875.00, 3
876.00, 3
877.00, 3
878.00, 3
879.00, 3
880.00, 3
881.00, 3
882.00, 3
883.00, 3
884.00, 3
885.00, 3
886.00, 3
887.00, 3
888.00, 3
889.00, 3
890.00, 3
891.00, 3
892.00, 3
893.00, 3
894.00, 3
895.00, 3
896.00, 3
897.00, 3
898.00, 3
899.00, 3
900.00, 3
901.00, 3
902.00, 3
903.00, 3
904.00, 3
905.00, 3
906.00, 3
907.00, 3
908.00, 3
909.00, 3
910.00, 3
911.00, 3
912.00, 3
913.00, 3
914.00, 3
915.00, 3
916.00, 3
917.00, 3
918.00, 3
919.00, 3
920.00, 3
921.00, 3
922.00, 3
923.00, 3
924.00, 3
925.00, 3
926.00, 3
927.00, 3
928.00, 3
929.00, 3
930.00, 3
931.00, 8
932.00, 8
933.00, 8
934.00, 8
935.00, 8
936.00, 8
937.00, 8
938.00, 8
939.00, 8
940.00, 1
941.00, 1
942.00, 1
943.00, 1
944.00, 1
945.00, 1
946.00, 1
947.00, 1
948.00, 1
949.00, 1
950.00, 1
951.00, 1
952.00, 1
953.00, 1
954.00, 1
955.00, 1
956.00, 1
957.00, 1
958.00, 1
959.00, 1
960.00, 1
961.00, 4
962.00, 4
963.00, 4
964.00, 4
965.00, 4
966.00, 4
967.00, 4
968.00, 4
969.00, 4
970.00, 4
971.00, 4
972.00, 4
973.00, 4
974.00, 4
975.00, 4
976.00, 4
977.00, 4
978.00, 4
979.00, 4
980.00, 4
981.00, 4
982.00, 4
983.00, 4
984.00, 4
985.00, 4
986.00, 4
987.00, 4
988.00, 4
989.00, 4
990.00, 4
991.00, 3
992.00, 3
993.00, 3
994.00, 3
995.00, 3
996.00, 3
997.00, 3
998.00, 3
999.00, 3