0.00, 4
1.00, 4
2.00, 4
3.00, 4
4.00, 4
5.00, 4
6.00, 4
7.00, 4
8.00, 4
9.00, 4
10.00, 4
11.00, 4
12.00, 4
13.00, 4
14.00, 4
15.00, 4
16.00, 4
17.00, 4
18.00, 4
19.00, 4
20.00, 4
21.00, 4
22.00, 4
23.00, 4
24.00, 4
25.00, 4
26.00, 4
27.00, 4
28.00, 4
29.00, 4
30.00, 4
31.00, 4
32.00, 4
33.00, 4
34.00, 4
35.00, 4
36.00, 4
37.00, 4
38.00, 4
39.00, 4
40.00, 4
41.00, 4
42.00, 4
43.00, 4
44.00, 4
45.00, 4
46.00, 4
47.00, 4
48.00, 4
49.00, 2
50.00, 2
51.00, 2
52.00, 2
53.00, 2
54.00, 2
55.00, 2
56.00, 2
57.00, 2
58.00, 2
59.00, 2
60.00, 2
61.00, 2
62.00, 2
63.00, 2
64.00, 2
65.00, 2
66.00, 2
67.00, 2
68.00, 2
69.00, 2
70.00, 2
71.00, 2
72.00, 2
73.00, 2
74.00, 2
75.00, 2
76.00, 2
77.00, 2
78.00, 2
79.00, 2
80.00, 2
81.00, 2
82.00, 2
83.00, 2
84.00, 2
85.00, 2
86.00, 2
87.00, 0
88.00, 0
89.00, 0
90.00, 0
91.00, 0
92.00, 0
93.00, 0
94.00, 0
95.00, 0
96.00, 0
97.00, 0
98.00, 0
99.00, 0
100.00, 0
101.00, 0
102.00, 0
103.00, 0
104.00, 0
105.00, 0
106.00, 0
107.00, 0
108.00, 0
109.00, 0
110.00, 0
111.00, 0
112.00, 0
113.00, 0
114.00, 0
115.00, 0
116.00, 2
117.00, 2
118.00, 2
119.00, 2
120.00, 2
121.00, 2
122.00, 2
123.00, 2
124.00, 2
125.00, 2
126.00, 2
127.00, 2
128.00, 2
129.00, 2
130.00, 2
131.00, 2
132.00, 2
133.00, 2
134.00, 2
135.00, 2
136.00, 2
137.00, 2
138.00, 2
139.00, 2
140.00, 2
141.00, 2
142.00, 2
143.00, 2
144.00, 2
145.00, 5
146.00, 5
147.00, 5
148.00, 5
149.00, 5
150.00, 5
151.00, 5
152.00, 5
153.00, 5
154.00, 5
155.00, 5
156.00, 5
157.00, 5
158.00, 5
159.00, 5
160.00, 5
161.00, 5
162.00, 5
163.00, 5
164.00, 5
165.00, 5
166.00, 5
167.00, 5
168.00, 5
169.00, 5
170.00, 5
171.00, 5
172.00, 5
173.00, 5
174.00, 5
175.00, 5
176.00, 5
177.00, 5
178.00, 5
179.00, 5
180.00, 5
181.00, 5
182.00, 5
183.00, 5
184.00, 5
185.00, 5
186.00, 5
187.00, 5
188.00, 5
189.00, 5
190.00, 5
191.00, 5
192.00, 5
193.00, 5
194.00, 5
195.00, 5
196.00, 5
197.00, 5
198.00, 5
199.00, 5
200.00, 5
201.00, 5
202.00, 5
203.00, 5
204.00, 5
205.00, 5
206.00, 5
207.00, 5
208.00, 5
209.00, 5
210.00, 5
211.00, 5
212.00, 5
213.00, 5
214.00, 5
215.00, 5
216.00, 5
217.00, 5
218.00, 5
219.00, 5
220.00, 5
221.00, 5
222.00, 5
223.00, 5
224.00, 5
225.00, 5
226.00, 5
227.00, 5
228.00, 5
229.00, 5
230.00, 5
231.00, 5
232.00, 5
233.00, 5
234.00, 5
235.00, 5
236.00, 5
237.00, 5
238.00, 5
239.00, 5
240.00, 5
241.00, 5
242.00, 5
243.00, 5
244.00, 5
245.00, 5
246.00, 5
247.00, 5
248.00, 5
249.00, 3
250.00, 3
251.00, 3
252.00, 3
253.00, 3
254.00, 3
255.00, 3
256.00, 3
257.00, 3
258.00, 3
259.00, 3
260.00, 3
261.00, 3
262.00, 3
263.00, 3
264.00, 3
265.00, 3
266.00, 3
267.00, 3
268.00, 3
269.00, 3
270.00, 3
271.00, 3
272.00, 3
273.00, 3
274.00, 3
275.00, 3
276.00, 3
277.00, 3
278.00, 4
279.00, 4
280.00, 4
281.00, 4
282.00, 4
283.00, 4
284.00, 4
285.00, 4
286.00, 4
287.00, 2
288.00, 2
289.00, 2
290.00, 2
291.00, 2
292.00, 2
293.00, 2
294.00, 2
295.00, 2
296.00, 2
297.00, 2
298.00, 2
299.00, 2
300.00, 2
301.00, 2
302.00, 2
303.00, 2
304.00, 2
305.00, 2
306.00, 2
307.00, 2
308.00, 2
309.00, 2
310.00, 2
311.00, 2
312.00, 2
313.00, 2
314.00, 2
315.00, 2
316.00, 2
317.00, 2
318.00, 2
319.00, 2
320.00, 2
321.00, 2
322.00, 2
323.00, 2
324.00, 2
325.00, 2
326.00, 2
327.00, 2
328.00, 2
329.00, 2
330.00, 2
331.00, 2
332.00, 2
333.00, 2
334.00, 2
335.00, 2
336.00, 2
337.00, 2
338.00, 2
339.00, 2
340.00, 2
341.00, 2
342.00, 2
343.00, 2
344.00, 2
345.00, 2
346.00, 2
347.00, 2
348.00, 2
349.00, 2
350.00, 2
351.00, 2
352.00, 2
353.00, 2
354.00, 2
355.00, 2
356.00, 2
357.00, 2
358.00, 2
359.00, 2
360.00, 2
361.00, 2
362.00, 2
363.00, 2
364.00, 2
365.00, 2
366.00, 2
367.00, 2
368.00, 2
369.00, 2
370.00, 2
371.00, 2
372.00, 2
373.00, 2
374.00, 2
375.00, 2
376.00, 2
377.00, 2
378.00, 2
379.00, 2
380.00, 2
381.00, 2
382.00, 2
383.00, 2
384.00, 2
385.00, 2
386.00, 2
387.00, 2
388.00, 2
389.00, 2
390.00, 2
391.00, 2
392.00, 2
393.00, 2
394.00, 2
395.00, 2
396.00, 2
397.00, 2
398.00, 2
399.00, 2
400.00, 2
401.00, 2
402.00, 2
403.00, 2
404.00, 2
405.00, 2
406.00, 2
407.00, 2
408.00, 2
409.00, 2
410.00, 2
411.00, 2
412.00, 2
413.00, 2
414.00, 2
415.00, 2
416.00, 2
417.00, 2
418.00, 2
419.00, 2
420.00, 2
421.00, 2
422.00, 2
423.00, 2
424.00, 2
425.00, 2
426.00, 2
427.00, 2
428.00, 2
429.00, 2
430.00, 2
431.00, 2
432.00, 2
433.00, 2
434.00, 2
435.00, 2
436.00, 2
437.00, 2
438.00, 2
439.00, 2
440.00, 2
441.00, 2
442.00, 2
443.00, 2
444.00, 2
445.00, 2
446.00, 2
447.00, 2
448.00, 2
449.00, 2
450.00, 2
451.00, 2
452.00, 2
453.00, 2
454.00, 2
455.00, 2
456.00, 2
457.00, 2
458.00, 2
459.00, 2
460.00, 4
461.00, 4
462.00, 4
463.00, 4
464.00, 4
465.00, 4
466.00, 4
467.00, 4
468.00, 4
469.00, 4
470.00, 4
471.00, 4
472.00, 4
473.00, 4
474.00, 4
475.00, 4
476.00, 4
477.00, 4
478.00, 4
479.00, 4
480.00, 4
481.00, 4
482.00, 4
483.00, 4
484.00, 4
485.00, 4
486.00, 4
487.00, 4
488.00, 2
489.00, 2
490.00, 2
491.00, 2
492.00, 2
493.00, 2
494.00, 2
495.00, 2
496.00, 2
497.00, 2
498.00, 2
499.00, 2
500.00, 2
501.00, 2
502.00, 2
503.00, 2
504.00, 2
505.00, 2
506.00, 2
507.00, 2
508.00, 2
509.00, 2
510.00, 2
511.00, 2
512.00, 2
513.00, 2
514.00, 2
515.00, 2
516.00, 2
517.00, 2
518.00, 2
519.00, 2
520.00, 2
521.00, 2
522.00, 2
523.00, 2
524.00, 2
525.00, 2
526.00, 2
527.00, 2
528.00, 2
529.00, 2
530.00, 2
531.00, 2
532.00, 2
533.00, 2
534.00, 2
535.00, 2
536.00, 2
537.00, 2
538.00, 2
539.00, 2
540.00, 2
541.00, 2
542.00, 2
543.00, 2
544.00, 2
545.00, 2
546.00, 2
547.00, 2
548.00, 2
549.00, 2
550.00, 2
551.00, 2
552.00, 2
553.00, 2
554.00, 2
555.00, 2
556.00, 2
557.00, 2
558.00, 2
559.00, 2
560.00, 2
561.00, 2
562.00, 2
563.00, 2
564.00, 2
565.00, 2
566.00, 2
567.00, 2
568.00, 2
569.00, 2
570.00, 2
571.00, 2
572.00, 2
573.00, 2
574.00, 2
575.00, 2
576.00, 2
577.00, 2
578.00, 2
579.00, 2
580.00, 2
581.00, 2
582.00, 2
583.00, 2
584.00, 2
585.00, 2
586.00, 2
587.00, 3
588.00, 3
589.00, 3
590.00, 3
591.00, 3
592.00, 3
593.00, 3
594.00, 3
595.00, 3
596.00, 3
597.00, 3
598.00, 3
599.00, 3
600.00, 3
601.00, 3
602.00, 3
603.00, 3
604.00, 3
605.00, 3
606.00, 3
607.00, 3
608.00, 3
609.00, 3
610.00, 8
611.00, 8
612.00, 8
613.00, 8
614.00, 8
615.00, 8
616.00, 8
617.00, 8
618.00, 1
619.00, 1
620.00, 1
621.00, 1
622.00, 1
623.00, 1
624.00, 1
625.00, 1
626.00, 1
627.00, 1
628.00, 1
629.00, 1
630.00, 1
631.00, 1
632.00, 1
633.00, 1
634.00, 1
635.00, 1
636.00, 1
637.00, 1
638.00, 1
639.00, 1
640.00, 1
641.00, 1
642.00, 1
643.00, 1
644.00, 1
645.00, 1
646.00, 1
647.00, 1
648.00, 1
649.00, 1
650.00, 1
651.00, 7
652.00, 7
653.00, 7
654.00, 7
655.00, 7
656.00, 7
657.00, 7
658.00, 7
659.00, 7
660.00, 7
661.00, 7
662.00, 7
663.00, 7
664.00, 7
665.00, 7
666.00, 7
667.00, 7
668.00, 7
669.00, 7
670.00, 7
671.00, 7
672.00, 7
673.00, 7
674.00, 7
675.00, 7
676.00, 7
677.00, 7
678.00, 7
679.00, 7
680.00, 7
681.00, 7
682.00, 7
683.00, 7
684.00, 7
685.00, 7
686.00, 7
687.00, 7
688.00, 7
689.00, 7
690.00, 7
691.00, 7
692.00, 7
693.00, 7
694.00, 7
695.00, 7
696.00, 7
697.00, 7
698.00, 7
699.00, 7
700.00, 7
701.00, 7
702.00, 7
703.00, 7
704.00, 7
705.00, 7
706.00, 7
707.00, 7
708.00, 7
709.00, 7
710.00, 7
711.00, 7
712.00, 7
713.00, 6
714.00, 6
715.00, 6
716.00, 6
717.00, 6
718.00, 6
719.00, 6
720.00, 6
721.00, 6
722.00, 6
723.00, 6
724.00, 6
725.00, 6
726.00, 6
727.00, 6
728.00, 6
729.00, 6
730.00, 6
731.00, 6
732.00, 6
733.00, 6
734.00, 6
735.00, 6
736.00, 6
737.00, 6
738.00, 6
739.00, 6
740.00, 6
741.00, 6
742.00, 6
743.00, 6
744.00, 6
745.00, 6
746.00, 6
747.00, 6
748.00, 6
749.00, 6
750.00, 6
751.00, 6
752.00, 6
753.00, 6
754.00, 6
755.00, 6
756.00, 6
757.00, 6
758.00, 6
759.00, 6
760.00, 6
761.00, 6
762.00, 6
763.00, 6
764.00, 6
765.00, 6
766.00, 6
767.00, 0
768.00, 0
769.00, 0
770.00, 0
771.00, 0
772.00, 0
773.00, 0
774.00, 0
775.00, 2
776.00, 2
777.00, 2
778.00, 2
779.00, 2
780.00, 2
781.00, 2
782.00, 2
783.00, 2
784.00, 2
785.00, 2
786.00, 2
787.00, 2
788.00, 2
789.00, 2
790.00, 2
791.00, 2
792.00, 2
793.00, 2
794.00, 2
795.00, 2
796.00, 2
797.00, 2
798.00, 2
799.00, 2
800.00, 2
801.00, 2
802.00, 2
803.00, 2
804.00, 2
805.00, 2
806.00, 2
807.00, 2
808.00, 2
809.00, 2
810.00, 2
811.00, 2
812.00, 2
813.00, 2
814.00, 5
815.00, 5
816.00, 5
817.00, 5
818.00, 5
819.00, 5
820.00, 5
821.00, 5
822.00, 5
823.00, 5
824.00, 5
825.00, 5
826.00, 5
827.00, 5
828.00, 5
829.00, 5
830.00, 5
831.00, 5
832.00, 5
833.00, 5
834.00, 5
835.00, 5
836.00, 5
837.00, 5
838.00, 5
839.00, 5
840.00, 5
841.00, 5
842.00, 5
843.00, 5
844.00, 5
845.00, 5
846.00, 5
847.00, 5
848.00, 5
849.00, 5
850.00, 5
851.00, 5
852.00, 5
853.00, 5
854.00, 5
855.00, 5
856.00, 5
857.00, 5
858.00, 5
859.00, 5
860.00, 5
861.00, 5
862.00, 5
863.00, 5
864.00, 5
865.00, 5
866.00, 5
867.00, 5
868.00, 5
869.00, 5
870.00, 5
871.00, 5
872.00, 5
873.00, 5
874.00, 5
875.00, 5
876.00, 5
877.00, 5
878.00, 5
879.00, 5
880.00, 5
881.00, 5
882.00, 5
883.00, 5
884.00, 5
885.00, 5
886.00, 5
887.00, 5
888.00, 5
889.00, 5
890.00, 5
891.00, 5
892.00, 5
893.00, 5
894.00, 5
895.00, 5
896.00, 5
897.00, 5
898.00, 5
899.00, 5
900.00, 5
901.00, 5
902.00, 5
903.00, 5
904.00, 5
905.00, 5
906.00, 5
907.00, 5
908.00, 5
909.00, 5
910.00, 5
911.00, 5
912.00, 5
913.00, 5
914.00, 5
915.00, 5
916.00, 5
917.00, 5
918.00, 5
919.00, 5
920.00, 5
921.00, 5
922.00, 5
923.00, 5
924.00, 5
925.00, 5
926.00, 5
927.00, 5
928.00, 5
929.00, 5
930.00, 5
931.00, 5
932.00, 5
933.00, 5
934.00, 5
935.00, 5
936.00, 5
937.00, 3
938.00, 3
939.00, 3
940.00, 3
941.00, 3
942.00, 3
943.00, 3
944.00, 3
945.00, 3
946.00, 3
947.00, 3
948.00, 3
949.00, 3
950.00, 3
951.00, 3
952.00, 3
953.00, 3
954.00, 3
955.00, 3
956.00, 3
957.00, 3
958.00, 3
959.00, 3
960.00, 3
961.00, 3
962.00, 3
963.00, 3
964.00, 3
965.00, 3
966.00, 3
967.00, 3
968.00, 3
969.00, 3
970.00, 3
971.00, 3
972.00, 3
973.00, 3
974.00, 3
975.00, 3
976.00, 3
977.00, 3
978.00, 3
979.00, 3
980.00, 3
981.00, 3
982.00, 3
983.00, 3
984.00, 3
985.00, 3
986.00, 3
987.00, 3
988.00, 3
989.00, 3
990.00, 3
991.00, 3
992.00, 3
993.00, 3
994.00, 3
995.00, 8
996.00, 8
997.00, 8
998.00, 8
999.00, 8