0.00, 4
1.00, 4
2.00, 4
3.00, 4
4.00, 1
5.00, 1
6.00, 1
7.00, 1
8.00, 1
9.00, 1
10.00, 1
11.00, 1
12.00, 1
13.00, 1
14.00, 1
15.00, 1
16.00, 1
17.00, 1
18.00, 1
19.00, 1
20.00, 1
21.00, 1
22.00, 1
23.00, 1
24.00, 1
25.00, 1
26.00, 1
27.00, 1
28.00, 1
29.00, 1
30.00, 1
31.00, 1
32.00, 1
33.00, 1
34.00, 1
35.00, 1
36.00, 1
37.00, 1
38.00, 1
39.00, 1
40.00, 1
41.00, 1
42.00, 1
43.00, 1
44.00, 1
45.00, 1
46.00, 1
47.00, 1
48.00, 1
49.00, 1
50.00, 1
51.00, 1
52.00, 1
53.00, 1
54.00, 1
55.00, 1
56.00, 1
57.00, 1
58.00, 1
59.00, 1
60.00, 1
61.00, 1
62.00, 1
63.00, 1
64.00, 1
65.00, 1
66.00, 1
67.00, 1
68.00, 1
69.00, 1
70.00, 1
71.00, 1
72.00, 1
73.00, 1
74.00, 1
75.00, 1
76.00, 8
77.00, 8
78.00, 8
79.00, 8
80.00, 8
81.00, 8
82.00, 8
83.00, 8
84.00, 8
85.00, 8
86.00, 8
87.00, 8
88.00, 8
89.00, 8
90.00, 8
91.00, 8
92.00, 8
93.00, 8
94.00, 8
95.00, 8
96.00, 3
97.00, 3
98.00, 3
99.00, 3
100.00, 3
101.00, 3
102.00, 3
103.00, 3
104.00, 3
105.00, 3
106.00, 8
107.00, 8
108.00, 8
109.00, 8
110.00, 8
111.00, 8
112.00, 8
113.00, 8
114.00, 8
115.00, 8
116.00, 8
117.00, 8
118.00, 8
119.00, 8
120.00, 8
121.00, 8
122.00, 8
123.00, 8
124.00, 8
125.00, 8
126.00, 8
127.00, 8
128.00, 8
129.00, 8
130.00, 8
131.00, 8
132.00, 8
133.00, 8
134.00, 8
135.00, 8
136.00, 1
137.00, 1
138.00, 1
139.00, 1
140.00, 1
141.00, 1
142.00, 1
143.00, 1
144.00, 1
145.00, 1
146.00, 1
147.00, 1
148.00, 1
149.00, 1
150.00, 1
151.00, 1
152.00, 1
153.00, 1
154.00, 1
155.00, 1
156.00, 1
157.00, 1
158.00, 1
159.00, 1
160.00, 1
161.00, 1
162.00, 1
163.00, 1
164.00, 1
165.00, 1
166.00, 1
167.00, 1
168.00, 1
169.00, 1
170.00, 1
171.00, 1
172.00, 1
173.00, 1
174.00, 1
175.00, 1
176.00, 1
177.00, 1
178.00, 1
179.00, 1
180.00, 1
181.00, 1
182.00, 1
183.00, 1
184.00, 1
185.00, 1
186.00, 1
187.00, 1
188.00, 1
189.00, 1
190.00, 1
191.00, 1
192.00, 1
193.00, 1
194.00, 1
195.00, 1
196.00, 1
197.00, 1
198.00, 1
199.00, 1
200.00, 1
201.00, 1
202.00, 1
203.00, 1
204.00, 1
205.00, 1
206.00, 1
207.00, 8
208.00, 8
209.00, 8
210.00, 8
211.00, 8
212.00, 8
213.00, 8
214.00, 8
215.00, 8
216.00, 8
217.00, 8
218.00, 8
219.00, 8
220.00, 8
221.00, 8
222.00, 8
223.00, 8
224.00, 8
225.00, 8
226.00, 8
227.00, 8
228.00, 8
229.00, 8
230.00, 8
231.00, 8
232.00, 8
233.00, 8
234.00, 8
235.00, 8
236.00, 8
237.00, 8
238.00, 8
239.00, 8
240.00, 8
241.00, 8
242.00, 8
243.00, 8
244.00, 8
245.00, 8
246.00, 8
247.00, 8
248.00, 8
249.00, 8
250.00, 8
251.00, 1
252.00, 1
253.00, 1
254.00, 1
255.00, 1
256.00, 1
257.00, 1
258.00, 1
259.00, 1
260.00, 1
261.00, 1
262.00, 1
263.00, 1
264.00, 1
265.00, 1
266.00, 1
267.00, 1
268.00, 1
269.00, 1
270.00, 1
271.00, 1
272.00, 1
273.00, 1
274.00, 1
275.00, 1
276.00, 1
277.00, 1
278.00, 1
279.00, 1
280.00, 1
281.00, 1
282.00, 1
283.00, 1
284.00, 4
285.00, 4
286.00, 4
287.00, 4
288.00, 4
289.00, 4
290.00, 4
291.00, 4
292.00, 4
293.00, 4
294.00, 4
295.00, 4
296.00, 4
297.00, 4
298.00, 4
299.00, 4
300.00, 4
301.00, 4
302.00, 4
303.00, 4
304.00, 4
305.00, 4
306.00, 4
307.00, 4
308.00, 4
309.00, 4
310.00, 4
311.00, 4
312.00, 4
313.00, 4
314.00, 4
315.00, 4
316.00, 4
317.00, 4
318.00, 4
319.00, 4
320.00, 4
321.00, 4
322.00, 4
323.00, 1
324.00, 1
325.00, 1
326.00, 1
327.00, 1
328.00, 1
329.00, 1
330.00, 1
331.00, 1
332.00, 1
333.00, 1
334.00, 1
335.00, 1
336.00, 1
337.00, 1
338.00, 1
339.00, 1
340.00, 1
341.00, 1
342.00, 1
343.00, 1
344.00, 1
345.00, 1
346.00, 1
347.00, 1
348.00, 1
349.00, 1
350.00, 1
351.00, 1
352.00, 1
353.00, 1
354.00, 1
355.00, 1
356.00, 1
357.00, 1
358.00, 1
359.00, 1
360.00, 1
361.00, 1
362.00, 1
363.00, 1
364.00, 1
365.00, 1
366.00, 1
367.00, 1
368.00, 1
369.00, 1
370.00, 1
371.00, 1
372.00, 1
373.00, 1
374.00, 1
375.00, 1
376.00, 1
377.00, 1
378.00, 1
379.00, 8
380.00, 8
381.00, 8
382.00, 8
383.00, 8
384.00, 8
385.00, 8
386.00, 8
387.00, 8
388.00, 1
389.00, 1
390.00, 1
391.00, 1
392.00, 1
393.00, 1
394.00, 1
395.00, 1
396.00, 1
397.00, 1
398.00, 1
399.00, 1
400.00, 1
401.00, 1
402.00, 1
403.00, 1
404.00, 1
405.00, 1
406.00, 1
407.00, 1
408.00, 1
409.00, 1
410.00, 1
411.00, 1
412.00, 1
413.00, 1
414.00, 1
415.00, 1
416.00, 1
417.00, 1
418.00, 1
419.00, 1
420.00, 1
421.00, 1
422.00, 1
423.00, 1
424.00, 1
425.00, 1
426.00, 1
427.00, 1
428.00, 1
429.00, 1
430.00, 1
431.00, 1
432.00, 1
433.00, 1
434.00, 1
435.00, 1
436.00, 1
437.00, 4
438.00, 4
439.00, 4
440.00, 4
441.00, 4
442.00, 4
443.00, 4
444.00, 4
445.00, 4
446.00, 0
447.00, 1
448.00, 1
449.00, 1
450.00, 1
451.00, 1
452.00, 1
453.00, 1
454.00, 1
455.00, 1
456.00, 1
457.00, 1
458.00, 1
459.00, 1
460.00, 1
461.00, 1
462.00, 1
463.00, 1
464.00, 1
465.00, 1
466.00, 1
467.00, 1
468.00, 1
469.00, 1
470.00, 1
471.00, 1
472.00, 1
473.00, 1
474.00, 1
475.00, 1
476.00, 1
477.00, 1
478.00, 1
479.00, 1
480.00, 1
481.00, 1
482.00, 1
483.00, 1
484.00, 1
485.00, 1
486.00, 1
487.00, 1
488.00, 1
489.00, 1
490.00, 1
491.00, 1
492.00, 1
493.00, 1
494.00, 1
495.00, 1
496.00, 1
497.00, 1
498.00, 1
499.00, 1
500.00, 1
501.00, 1
502.00, 1
503.00, 1
504.00, 1
505.00, 1
506.00, 1
507.00, 1
508.00, 1
509.00, 1
510.00, 1
511.00, 1
512.00, 1
513.00, 1
514.00, 1
515.00, 1
516.00, 1
517.00, 1
518.00, 1
519.00, 1
520.00, 1
521.00, 1
522.00, 1
523.00, 1
524.00, 1
525.00, 1
526.00, 1
527.00, 1
528.00, 1
529.00, 1
530.00, 1
531.00, 1
532.00, 1
533.00, 1
534.00, 1
535.00, 1
536.00, 7
537.00, 7
538.00, 7
539.00, 7
540.00, 7
541.00, 7
542.00, 7
543.00, 7
544.00, 7
545.00, 1
546.00, 1
547.00, 1
548.00, 1
549.00, 1
550.00, 1
551.00, 1
552.00, 1
553.00, 1
554.00, 1
555.00, 1
556.00, 1
557.00, 1
558.00, 1
559.00, 1
560.00, 1
561.00, 1
562.00, 1
563.00, 1
564.00, 1
565.00, 1
566.00, 1
567.00, 1
568.00, 1
569.00, 1
570.00, 1
571.00, 1
572.00, 1
573.00, 1
574.00, 1
575.00, 1
576.00, 1
577.00, 1
578.00, 1
579.00, 1
580.00, 1
581.00, 1
582.00, 0
583.00, 4
584.00, 4
585.00, 4
586.00, 4
587.00, 4
588.00, 4
589.00, 4
590.00, 4
591.00, 4
592.00, 3
593.00, 3
594.00, 3
595.00, 3
596.00, 3
597.00, 3
598.00, 3
599.00, 3
600.00, 3
601.00, 3
602.00, 3
603.00, 3
604.00, 3
605.00, 3
606.00, 3
607.00, 3
608.00, 3
609.00, 3
610.00, 3
611.00, 3
612.00, 3
613.00, 3
614.00, 3
615.00, 3
616.00, 3
617.00, 3
618.00, 3
619.00, 3
620.00, 3
621.00, 3
622.00, 3
623.00, 3
624.00, 3
625.00, 4
626.00, 4
627.00, 4
628.00, 4
629.00, 4
630.00, 4
631.00, 4
632.00, 4
633.00, 4
634.00, 4
635.00, 4
636.00, 4
637.00, 4
638.00, 4
639.00, 4
640.00, 4
641.00, 4
642.00, 4
643.00, 4
644.00, 4
645.00, 4
646.00, 4
647.00, 4
648.00, 4
649.00, 4
650.00, 4
651.00, 4
652.00, 4
653.00, 4
654.00, 4
655.00, 1
656.00, 1
657.00, 1
658.00, 1
659.00, 1
660.00, 1
661.00, 1
662.00, 1
663.00, 1
664.00, 1
665.00, 6
666.00, 6
667.00, 6
668.00, 6
669.00, 6
670.00, 6
671.00, 6
672.00, 6
673.00, 6
674.00, 4
675.00, 4
676.00, 4
677.00, 4
678.00, 4
679.00, 4
680.00, 4
681.00, 4
682.00, 4
683.00, 4
684.00, 4
685.00, 4
686.00, 4
687.00, 4
688.00, 4
689.00, 4
690.00, 4
691.00, 4
692.00, 4
693.00, 4
694.00, 4
695.00, 4
696.00, 4
697.00, 4
698.00, 4
699.00, 4
700.00, 4
701.00, 4
702.00, 4
703.00, 4
704.00, 4
705.00, 4
706.00, 4
707.00, 4
708.00, 4
709.00, 4
710.00, 4
711.00, 4
712.00, 4
713.00, 4
714.00, 4
715.00, 4
716.00, 4
717.00, 4
718.00, 4
719.00, 4
720.00, 3
721.00, 3
722.00, 3
723.00, 3
724.00, 3
725.00, 3
726.00, 3
727.00, 3
728.00, 3
729.00, 3
730.00, 3
731.00, 3
732.00, 3
733.00, 3
734.00, 3
735.00, 3
736.00, 3
737.00, 3
738.00, 3
739.00, 3
740.00, 3
741.00, 3
742.00, 3
743.00, 3
744.00, 3
745.00, 3
746.00, 3
747.00, 3
748.00, 3
749.00, 3
750.00, 3
751.00, 3
752.00, 3
753.00, 3
754.00, 3
755.00, 3
756.00, 3
757.00, 3
758.00, 3
759.00, 3
760.00, 3
761.00, 3
762.00, 3
763.00, 3
764.00, 3
765.00, 3
766.00, 3
767.00, 3
768.00, 3
769.00, 3
770.00, 3
771.00, 3
772.00, 3
773.00, 3
774.00, 3
775.00, 3
776.00, 3
777.00, 3
778.00, 3
779.00, 3
780.00, 3
781.00, 3
782.00, 3
783.00, 3
784.00, 3
785.00, 3
786.00, 3
787.00, 3
788.00, 3
789.00, 3
790.00, 3
791.00, 3
792.00, 3
793.00, 3
794.00, 3
795.00, 3
796.00, 3
797.00, 3
798.00, 3
799.00, 3
800.00, 3
801.00, 3
802.00, 3
803.00, 3
804.00, 3
805.00, 3
806.00, 3
807.00, 3
808.00, 3
809.00, 3
810.00, 3
811.00, 3
812.00, 3
813.00, 3
814.00, 3
815.00, 3
816.00, 3
817.00, 3
818.00, 3
819.00, 3
820.00, 3
821.00, 3
822.00, 3
823.00, 3
824.00, 3
825.00, 3
826.00, 3
827.00, 3
828.00, 3
829.00, 3
830.00, 3
831.00, 3
832.00, 3
833.00, 3
834.00, 3
835.00, 3
836.00, 3
837.00, 3
838.00, 3
839.00, 4
840.00, 4
841.00, 4
842.00, 4
843.00, 4
844.00, 4
845.00, 4
846.00, 4
847.00, 4
848.00, 4
849.00, 4
850.00, 4
851.00, 4
852.00, 4
853.00, 4
854.00, 4
855.00, 4
856.00, 4
857.00, 4
858.00, 4
859.00, 4
860.00, 8
861.00, 8
862.00, 8
863.00, 8
864.00, 8
865.00, 8
866.00, 8
867.00, 8
868.00, 8
869.00, 8
870.00, 8
871.00, 8
872.00, 8
873.00, 8
874.00, 8
875.00, 8
876.00, 8
877.00, 8
878.00, 8
879.00, 8
880.00, 8
881.00, 8
882.00, 8
883.00, 8
884.00, 8
885.00, 8
886.00, 8
887.00, 8
888.00, 3
889.00, 3
890.00, 3
891.00, 3
892.00, 3
893.00, 3
894.00, 3
895.00, 3
896.00, 3
897.00, 3
898.00, 3
899.00, 3
900.00, 3
901.00, 3
902.00, 3
903.00, 3
904.00, 3
905.00, 3
906.00, 3
907.00, 3
908.00, 3
909.00, 3
910.00, 3
911.00, 3
912.00, 3
913.00, 3
914.00, 3
915.00, 3
916.00, 3
917.00, 3
918.00, 3
919.00, 3
920.00, 3
921.00, 3
922.00, 3
923.00, 3
924.00, 3
925.00, 3
926.00, 3
927.00, 3
928.00, 3
929.00, 3
930.00, 3
931.00, 3
932.00, 3
933.00, 3
934.00, 3
935.00, 3
936.00, 8
937.00, 8
938.00, 8
939.00, 8
940.00, 8
941.00, 8
942.00, 8
943.00, 8
944.00, 8
945.00, 8
946.00, 8
947.00, 8
948.00, 8
949.00, 8
950.00, 8
951.00, 8
952.00, 8
953.00, 8
954.00, 8
955.00, 8
956.00, 8
957.00, 8
958.00, 8
959.00, 8
960.00, 8
961.00, 8
962.00, 8
963.00, 8
964.00, 8
965.00, 8
966.00, 8
967.00, 8
968.00, 8
969.00, 8
970.00, 8
971.00, 8
972.00, 8
973.00, 8
974.00, 8
975.00, 3
976.00, 3
977.00, 3
978.00, 3
979.00, 3
980.00, 3
981.00, 3
982.00, 3
983.00, 3
984.00, 3
985.00, 3
986.00, 3
987.00, 3
988.00, 3
989.00, 3
990.00, 3
991.00, 3
992.00, 3
993.00, 3
994.00, 3
995.00, 3
996.00, 3
997.00, 5
998.00, 5
999.00, 5