0.00, 0
1.00, 0
2.00, 0
3.00, 0
4.00, 0
5.00, 0
6.00, 0
7.00, 0
8.00, 0
9.00, 0
10.00, 0
11.00, 0
12.00, 0
13.00, 0
14.00, 0
15.00, 0
16.00, 0
17.00, 0
18.00, 0
19.00, 0
20.00, 0
21.00, 0
22.00, 0
23.00, 0
24.00, 0
25.00, 0
26.00, 0
27.00, 0
28.00, 0
29.00, 0
30.00, 0
31.00, 0
32.00, 0
33.00, 0
34.00, 0
35.00, 0
36.00, 0
37.00, 0
38.00, 0
39.00, 0
40.00, 0
41.00, 0
42.00, 0
43.00, 0
44.00, 0
45.00, 0
46.00, 0
47.00, 0
48.00, 0
49.00, 0
50.00, 0
51.00, 0
52.00, 0
53.00, 0
54.00, 0
55.00, 0
56.00, 0
57.00, 0
58.00, 0
59.00, 0
60.00, 0
61.00, 0
62.00, 0
63.00, 0
64.00, 0
65.00, 0
66.00, 0
67.00, 0
68.00, 0
69.00, 0
70.00, 0
71.00, 0
72.00, 0
73.00, 0
74.00, 0
75.00, 0
76.00, 0
77.00, 0
78.00, 0
79.00, 0
80.00, 0
81.00, 0
82.00, 0
83.00, 0
84.00, 0
85.00, 0
86.00, 0
87.00, 0
88.00, 0
89.00, 0
90.00, 0
91.00, 0
92.00, 0
93.00, 0
94.00, 0
95.00, 0
96.00, 0
97.00, 0
98.00, 0
99.00, 0
100.00, 0
101.00, 0
102.00, 0
103.00, 0
104.00, 0
105.00, 0
106.00, 0
107.00, 0
108.00, 0
109.00, 0
110.00, 0
111.00, 0
112.00, 0
113.00, 0
114.00, 0
115.00, 0
116.00, 0
117.00, 0
118.00, 0
119.00, 0
120.00, 0
121.00, 0
122.00, 0
123.00, 0
124.00, 0
125.00, 0
126.00, 0
127.00, 0
128.00, 0
129.00, 0
130.00, 0
131.00, 0
132.00, 0
133.00, 4
134.00, 4
135.00, 4
136.00, 4
137.00, 4
138.00, 4
139.00, 4
140.00, 4
141.00, 4
142.00, 4
143.00, 4
144.00, 4
145.00, 4
146.00, 4
147.00, 4
148.00, 4
149.00, 4
150.00, 4
151.00, 4
152.00, 4
153.00, 4
154.00, 4
155.00, 4
156.00, 4
157.00, 4
158.00, 4
159.00, 4
160.00, 1
161.00, 1
162.00, 1
163.00, 1
164.00, 1
165.00, 1
166.00, 1
167.00, 1
168.00, 1
169.00, 1
170.00, 7
171.00, 7
172.00, 7
173.00, 7
174.00, 7
175.00, 7
176.00, 7
177.00, 7
178.00, 7
179.00, 7
180.00, 7
181.00, 7
182.00, 7
183.00, 7
184.00, 7
185.00, 7
186.00, 7
187.00, 7
188.00, 7
189.00, 7
190.00, 7
191.00, 7
192.00, 7
193.00, 7
194.00, 7
195.00, 7
196.00, 7
197.00, 7
198.00, 7
199.00, 7
200.00, 7
201.00, 7
202.00, 7
203.00, 7
204.00, 7
205.00, 7
206.00, 7
207.00, 7
208.00, 7
209.00, 7
210.00, 7
211.00, 7
212.00, 7
213.00, 7
214.00, 7
215.00, 7
216.00, 7
217.00, 7
218.00, 7
219.00, 7
220.00, 7
221.00, 7
222.00, 7
223.00, 7
224.00, 7
225.00, 7
226.00, 7
227.00, 7
228.00, 7
229.00, 7
230.00, 7
231.00, 7
232.00, 7
233.00, 7
234.00, 7
235.00, 7
236.00, 7
237.00, 7
238.00, 7
239.00, 7
240.00, 7
241.00, 7
242.00, 7
243.00, 7
244.00, 7
245.00, 7
246.00, 7
247.00, 7
248.00, 7
249.00, 7
250.00, 7
251.00, 7
252.00, 7
253.00, 7
254.00, 7
255.00, 7
256.00, 7
257.00, 7
258.00, 7
259.00, 7
260.00, 7
261.00, 7
262.00, 7
263.00, 7
264.00, 7
265.00, 7
266.00, 7
267.00, 7
268.00, 7
269.00, 7
270.00, 7
271.00, 7
272.00, 7
273.00, 7
274.00, 7
275.00, 7
276.00, 7
277.00, 7
278.00, 7
279.00, 7
280.00, 7
281.00, 7
282.00, 7
283.00, 7
284.00, 6
285.00, 6
286.00, 6
287.00, 6
288.00, 6
289.00, 6
290.00, 6
291.00, 6
292.00, 6
293.00, 6
294.00, 6
295.00, 6
296.00, 6
297.00, 6
298.00, 6
299.00, 6
300.00, 6
301.00, 6
302.00, 6
303.00, 6
304.00, 6
305.00, 6
306.00, 6
307.00, 6
308.00, 6
309.00, 6
310.00, 6
311.00, 6
312.00, 6
313.00, 6
314.00, 6
315.00, 6
316.00, 6
317.00, 7
318.00, 7
319.00, 7
320.00, 7
321.00, 7
322.00, 7
323.00, 7
324.00, 7
325.00, 7
326.00, 7
327.00, 7
328.00, 7
329.00, 7
330.00, 7
331.00, 7
332.00, 7
333.00, 7
334.00, 7
335.00, 7
336.00, 7
337.00, 7
338.00, 7
339.00, 7
340.00, 7
341.00, 7
342.00, 7
343.00, 7
344.00, 7
345.00, 7
346.00, 7
347.00, 7
348.00, 7
349.00, 7
350.00, 7
351.00, 7
352.00, 7
353.00, 7
354.00, 7
355.00, 7
356.00, 7
357.00, 7
358.00, 7
359.00, 7
360.00, 7
361.00, 7
362.00, 7
363.00, 7
364.00, 7
365.00, 7
366.00, 7
367.00, 7
368.00, 7
369.00, 7
370.00, 7
371.00, 7
372.00, 7
373.00, 7
374.00, 7
375.00, 7
376.00, 7
377.00, 7
378.00, 7
379.00, 7
380.00, 7
381.00, 7
382.00, 7
383.00, 7
384.00, 7
385.00, 7
386.00, 7
387.00, 7
388.00, 7
389.00, 7
390.00, 7
391.00, 7
392.00, 7
393.00, 7
394.00, 6
395.00, 6
396.00, 6
397.00, 6
398.00, 6
399.00, 6
400.00, 6
401.00, 6
402.00, 6
403.00, 6
404.00, 6
405.00, 6
406.00, 6
407.00, 6
408.00, 6
409.00, 6
410.00, 6
411.00, 6
412.00, 4
413.00, 4
414.00, 4
415.00, 4
416.00, 4
417.00, 4
418.00, 4
419.00, 4
420.00, 4
421.00, 4
422.00, 4
423.00, 4
424.00, 4
425.00, 4
426.00, 4
427.00, 4
428.00, 4
429.00, 4
430.00, 4
431.00, 4
432.00, 4
433.00, 2
434.00, 2
435.00, 2
436.00, 2
437.00, 2
438.00, 2
439.00, 2
440.00, 2
441.00, 2
442.00, 2
443.00, 2
444.00, 2
445.00, 2
446.00, 2
447.00, 2
448.00, 2
449.00, 2
450.00, 2
451.00, 2
452.00, 2
453.00, 2
454.00, 2
455.00, 2
456.00, 2
457.00, 2
458.00, 2
459.00, 2
460.00, 2
461.00, 2
462.00, 2
463.00, 2
464.00, 2
465.00, 2
466.00, 2
467.00, 2
468.00, 2
469.00, 2
470.00, 2
471.00, 2
472.00, 2
473.00, 2
474.00, 2
475.00, 2
476.00, 2
477.00, 2
478.00, 2
479.00, 2
480.00, 2
481.00, 2
482.00, 2
483.00, 2
484.00, 2
485.00, 2
486.00, 5
487.00, 5
488.00, 5
489.00, 5
490.00, 5
491.00, 5
492.00, 5
493.00, 5
494.00, 5
495.00, 5
496.00, 5
497.00, 5
498.00, 5
499.00, 5
500.00, 5
501.00, 5
502.00, 5
503.00, 5
504.00, 5
505.00, 5
506.00, 5
507.00, 5
508.00, 5
509.00, 5
510.00, 5
511.00, 5
512.00, 5
513.00, 5
514.00, 5
515.00, 5
516.00, 5
517.00, 5
518.00, 5
519.00, 5
520.00, 5
521.00, 5
522.00, 5
523.00, 5
524.00, 5
525.00, 5
526.00, 5
527.00, 5
528.00, 5
529.00, 5
530.00, 5
531.00, 5
532.00, 5
533.00, 5
534.00, 5
535.00, 5
536.00, 5
537.00, 5
538.00, 5
539.00, 5
540.00, 5
541.00, 5
542.00, 5
543.00, 5
544.00, 5
545.00, 5
546.00, 3
547.00, 3
548.00, 3
549.00, 3
550.00, 3
551.00, 3
552.00, 3
553.00, 3
554.00, 3
555.00, 3
556.00, 3
557.00, 3
558.00, 3
559.00, 3
560.00, 3
561.00, 3
562.00, 3
563.00, 3
564.00, 3
565.00, 3
566.00, 3
567.00, 3
568.00, 3
569.00, 3
570.00, 3
571.00, 3
572.00, 3
573.00, 8
574.00, 8
575.00, 8
576.00, 8
577.00, 8
578.00, 8
579.00, 8
580.00, 8
581.00, 8
582.00, 8
583.00, 8
584.00, 8
585.00, 8
586.00, 8
587.00, 8
588.00, 8
589.00, 8
590.00, 8
591.00, 8
592.00, 8
593.00, 8
594.00, 8
595.00, 8
596.00, 8
597.00, 8
598.00, 8
599.00, 8
600.00, 8
601.00, 8
602.00, 8
603.00, 8
604.00, 8
605.00, 8
606.00, 8
607.00, 8
608.00, 8
609.00, 8
610.00, 8
611.00, 8
612.00, 8
613.00, 8
614.00, 8
615.00, 8
616.00, 8
617.00, 8
618.00, 8
619.00, 8
620.00, 1
621.00, 1
622.00, 1
623.00, 1
624.00, 1
625.00, 1
626.00, 1
627.00, 1
628.00, 1
629.00, 1
630.00, 1
631.00, 1
632.00, 1
633.00, 1
634.00, 1
635.00, 1
636.00, 1
637.00, 1
638.00, 1
639.00, 1
640.00, 1
641.00, 1
642.00, 1
643.00, 1
644.00, 1
645.00, 1
646.00, 1
647.00, 1
648.00, 1
649.00, 1
650.00, 1
651.00, 1
652.00, 1
653.00, 1
654.00, 1
655.00, 1
656.00, 1
657.00, 1
658.00, 1
659.00, 1
660.00, 1
661.00, 1
662.00, 4
663.00, 4
664.00, 4
665.00, 4
666.00, 4
667.00, 4
668.00, 4
669.00, 4
670.00, 4
671.00, 4
672.00, 4
673.00, 4
674.00, 4
675.00, 4
676.00, 4
677.00, 4
678.00, 4
679.00, 4
680.00, 4
681.00, 4
682.00, 4
683.00, 4
684.00, 4
685.00, 4
686.00, 4
687.00, 4
688.00, 4
689.00, 4
690.00, 4
691.00, 4
692.00, 4
693.00, 4
694.00, 4
695.00, 4
696.00, 4
697.00, 4
698.00, 4
699.00, 4
700.00, 4
701.00, 4
702.00, 4
703.00, 4
704.00, 4
705.00, 4
706.00, 4
707.00, 4
708.00, 4
709.00, 4
710.00, 4
711.00, 4
712.00, 2
713.00, 2
714.00, 2
715.00, 2
716.00, 2
717.00, 2
718.00, 2
719.00, 2
720.00, 2
721.00, 2
722.00, 2
723.00, 2
724.00, 2
725.00, 2
726.00, 2
727.00, 2
728.00, 2
729.00, 2
730.00, 2
731.00, 2
732.00, 2
733.00, 2
734.00, 2
735.00, 2
736.00, 2
737.00, 2
738.00, 2
739.00, 2
740.00, 2
741.00, 2
742.00, 2
743.00, 2
744.00, 2
745.00, 2
746.00, 2
747.00, 2
748.00, 2
749.00, 0
750.00, 0
751.00, 0
752.00, 0
753.00, 0
754.00, 0
755.00, 0
756.00, 0
757.00, 0
758.00, 0
759.00, 0
760.00, 0
761.00, 0
762.00, 0
763.00, 0
764.00, 0
765.00, 0
766.00, 0
767.00, 0
768.00, 0
769.00, 0
770.00, 0
771.00, 0
772.00, 0
773.00, 0
774.00, 0
775.00, 0
776.00, 0
777.00, 0
778.00, 0
779.00, 0
780.00, 0
781.00, 0
782.00, 0
783.00, 0
784.00, 0
785.00, 0
786.00, 0
787.00, 0
788.00, 0
789.00, 0
790.00, 0
791.00, 0
792.00, 0
793.00, 0
794.00, 0
795.00, 0
796.00, 0
797.00, 0
798.00, 0
799.00, 0
800.00, 0
801.00, 0
802.00, 0
803.00, 0
804.00, 0
805.00, 0
806.00, 0
807.00, 0
808.00, 0
809.00, 0
810.00, 0
811.00, 0
812.00, 0
813.00, 0
814.00, 0
815.00, 0
816.00, 0
817.00, 0
818.00, 0
819.00, 0
820.00, 0
821.00, 6
822.00, 4
823.00, 4
824.00, 4
825.00, 4
826.00, 4
827.00, 4
828.00, 4
829.00, 4
830.00, 4
831.00, 4
832.00, 4
833.00, 4
834.00, 4
835.00, 4
836.00, 4
837.00, 4
838.00, 4
839.00, 4
840.00, 4
841.00, 4
842.00, 4
843.00, 4
844.00, 4
845.00, 4
846.00, 4
847.00, 4
848.00, 4
849.00, 4
850.00, 4
851.00, 4
852.00, 4
853.00, 4
854.00, 4
855.00, 4
856.00, 4
857.00, 4
858.00, 4
859.00, 4
860.00, 4
861.00, 4
862.00, 4
863.00, 4
864.00, 4
865.00, 1
866.00, 1
867.00, 1
868.00, 1
869.00, 1
870.00, 1
871.00, 1
872.00, 1
873.00, 1
874.00, 1
875.00, 1
876.00, 1
877.00, 1
878.00, 1
879.00, 1
880.00, 1
881.00, 1
882.00, 1
883.00, 1
884.00, 1
885.00, 1
886.00, 1
887.00, 1
888.00, 1
889.00, 1
890.00, 1
891.00, 1
892.00, 1
893.00, 1
894.00, 1
895.00, 1
896.00, 1
897.00, 4
898.00, 4
899.00, 4
900.00, 4
901.00, 4
902.00, 4
903.00, 4
904.00, 4
905.00, 4
906.00, 4
907.00, 4
908.00, 4
909.00, 4
910.00, 4
911.00, 4
912.00, 4
913.00, 4
914.00, 4
915.00, 4
916.00, 4
917.00, 4
918.00, 4
919.00, 4
920.00, 4
921.00, 4
922.00, 4
923.00, 4
924.00, 4
925.00, 4
926.00, 6
927.00, 6
928.00, 6
929.00, 6
930.00, 6
931.00, 6
932.00, 6
933.00, 6
934.00, 6
935.00, 6
936.00, 6
937.00, 6
938.00, 6
939.00, 6
940.00, 6
941.00, 6
942.00, 6
943.00, 6
944.00, 6
945.00, 6
946.00, 6
947.00, 6
948.00, 6
949.00, 6
950.00, 6
951.00, 6
952.00, 6
953.00, 6
954.00, 6
955.00, 6
956.00, 6
957.00, 6
958.00, 6
959.00, 6
960.00, 6
961.00, 6
962.00, 6
963.00, 6
964.00, 7
965.00, 0
966.00, 0
967.00, 0
968.00, 0
969.00, 0
970.00, 0
971.00, 0
972.00, 0
973.00, 0
974.00, 0
975.00, 0
976.00, 0
977.00, 0
978.00, 0
979.00, 0
980.00, 0
981.00, 0
982.00, 0
983.00, 0
984.00, 0
985.00, 0
986.00, 0
987.00, 0
988.00, 0
989.00, 0
990.00, 0
991.00, 0
992.00, 0
993.00, 0
994.00, 0
995.00, 0
996.00, 0
997.00, 0
998.00, 0
999.00, 0