0.00, 8
1.00, 8
2.00, 8
3.00, 8
4.00, 8
5.00, 8
6.00, 8
7.00, 8
8.00, 8
9.00, 8
10.00, 8
11.00, 8
12.00, 8
13.00, 8
14.00, 8
15.00, 8
16.00, 8
17.00, 8
18.00, 8
19.00, 8
20.00, 8
21.00, 8
22.00, 8
23.00, 8
24.00, 8
25.00, 8
26.00, 8
27.00, 8
28.00, 8
29.00, 8
30.00, 8
31.00, 8
32.00, 8
33.00, 8
34.00, 8
35.00, 8
36.00, 8
37.00, 8
38.00, 8
39.00, 8
40.00, 4
41.00, 4
42.00, 4
43.00, 4
44.00, 4
45.00, 4
46.00, 4
47.00, 4
48.00, 4
49.00, 4
50.00, 4
51.00, 4
52.00, 4
53.00, 4
54.00, 4
55.00, 4
56.00, 4
57.00, 4
58.00, 4
59.00, 4
60.00, 4
61.00, 4
62.00, 4
63.00, 4
64.00, 4
65.00, 4
66.00, 4
67.00, 4
68.00, 4
69.00, 4
70.00, 4
71.00, 4
72.00, 4
73.00, 4
74.00, 4
75.00, 4
76.00, 2
77.00, 2
78.00, 2
79.00, 2
80.00, 2
81.00, 2
82.00, 2
83.00, 2
84.00, 2
85.00, 2
86.00, 5
87.00, 5
88.00, 5
89.00, 5
90.00, 5
91.00, 5
92.00, 5
93.00, 5
94.00, 5
95.00, 5
96.00, 5
97.00, 5
98.00, 5
99.00, 5
100.00, 5
101.00, 5
102.00, 5
103.00, 5
104.00, 5
105.00, 5
106.00, 5
107.00, 5
108.00, 5
109.00, 5
110.00, 5
111.00, 5
112.00, 5
113.00, 5
114.00, 5
115.00, 5
116.00, 5
117.00, 5
118.00, 5
119.00, 5
120.00, 5
121.00, 5
122.00, 5
123.00, 5
124.00, 5
125.00, 5
126.00, 5
127.00, 5
128.00, 5
129.00, 5
130.00, 5
131.00, 5
132.00, 5
133.00, 5
134.00, 5
135.00, 5
136.00, 5
137.00, 5
138.00, 5
139.00, 5
140.00, 5
141.00, 5
142.00, 5
143.00, 5
144.00, 5
145.00, 5
146.00, 5
147.00, 5
148.00, 5
149.00, 5
150.00, 5
151.00, 5
152.00, 5
153.00, 5
154.00, 5
155.00, 5
156.00, 5
157.00, 5
158.00, 5
159.00, 5
160.00, 5
161.00, 5
162.00, 5
163.00, 5
164.00, 5
165.00, 5
166.00, 5
167.00, 5
168.00, 5
169.00, 5
170.00, 5
171.00, 5
172.00, 5
173.00, 5
174.00, 5
175.00, 5
176.00, 2
177.00, 2
178.00, 2
179.00, 2
180.00, 2
181.00, 2
182.00, 2
183.00, 2
184.00, 2
185.00, 2
186.00, 2
187.00, 2
188.00, 2
189.00, 2
190.00, 2
191.00, 2
192.00, 2
193.00, 2
194.00, 2
195.00, 2
196.00, 2
197.00, 2
198.00, 2
199.00, 2
200.00, 2
201.00, 2
202.00, 2
203.00, 2
204.00, 2
205.00, 2
206.00, 2
207.00, 2
208.00, 2
209.00, 2
210.00, 2
211.00, 2
212.00, 2
213.00, 2
214.00, 2
215.00, 2
216.00, 2
217.00, 4
218.00, 4
219.00, 4
220.00, 4
221.00, 4
222.00, 4
223.00, 4
224.00, 4
225.00, 4
226.00, 4
227.00, 0
228.00, 0
229.00, 0
230.00, 0
231.00, 0
232.00, 0
233.00, 0
234.00, 0
235.00, 0
236.00, 0
237.00, 0
238.00, 0
239.00, 0
240.00, 0
241.00, 0
242.00, 0
243.00, 0
244.00, 0
245.00, 0
246.00, 0
247.00, 0
248.00, 0
249.00, 0
250.00, 0
251.00, 0
252.00, 0
253.00, 0
254.00, 0
255.00, 0
256.00, 0
257.00, 0
258.00, 0
259.00, 0
260.00, 0
261.00, 0
262.00, 0
263.00, 0
264.00, 0
265.00, 0
266.00, 0
267.00, 0
268.00, 0
269.00, 0
270.00, 0
271.00, 0
272.00, 5
273.00, 2
274.00, 2
275.00, 2
276.00, 2
277.00, 2
278.00, 2
279.00, 2
280.00, 2
281.00, 2
282.00, 0
283.00, 0
284.00, 0
285.00, 0
286.00, 0
287.00, 0
288.00, 0
289.00, 0
290.00, 0
291.00, 0
292.00, 0
293.00, 0
294.00, 0
295.00, 0
296.00, 0
297.00, 0
298.00, 0
299.00, 0
300.00, 0
301.00, 0
302.00, 0
303.00, 0
304.00, 0
305.00, 0
306.00, 0
307.00, 0
308.00, 0
309.00, 0
310.00, 0
311.00, 2
312.00, 2
313.00, 2
314.00, 2
315.00, 2
316.00, 2
317.00, 2
318.00, 2
319.00, 2
320.00, 2
321.00, 2
322.00, 2
323.00, 2
324.00, 2
325.00, 2
326.00, 2
327.00, 2
328.00, 2
329.00, 2
330.00, 2
331.00, 2
332.00, 2
333.00, 2
334.00, 2
335.00, 2
336.00, 2
337.00, 2
338.00, 2
339.00, 2
340.00, 2
341.00, 2
342.00, 2
343.00, 2
344.00, 2
345.00, 2
346.00, 2
347.00, 5
348.00, 5
349.00, 5
350.00, 5
351.00, 5
352.00, 5
353.00, 5
354.00, 5
355.00, 5
356.00, 5
357.00, 5
358.00, 5
359.00, 5
360.00, 5
361.00, 5
362.00, 5
363.00, 5
364.00, 5
365.00, 5
366.00, 5
367.00, 5
368.00, 5
369.00, 5
370.00, 5
371.00, 5
372.00, 5
373.00, 5
374.00, 5
375.00, 5
376.00, 5
377.00, 5
378.00, 5
379.00, 5
380.00, 5
381.00, 5
382.00, 5
383.00, 5
384.00, 5
385.00, 5
386.00, 5
387.00, 5
388.00, 5
389.00, 5
390.00, 5
391.00, 5
392.00, 5
393.00, 5
394.00, 5
395.00, 5
396.00, 5
397.00, 5
398.00, 5
399.00, 5
400.00, 5
401.00, 5
402.00, 5
403.00, 5
404.00, 5
405.00, 5
406.00, 5
407.00, 5
408.00, 3
409.00, 3
410.00, 3
411.00, 3
412.00, 3
413.00, 3
414.00, 3
415.00, 3
416.00, 3
417.00, 3
418.00, 3
419.00, 3
420.00, 3
421.00, 3
422.00, 3
423.00, 3
424.00, 3
425.00, 3
426.00, 3
427.00, 3
428.00, 3
429.00, 3
430.00, 3
431.00, 3
432.00, 3
433.00, 3
434.00, 3
435.00, 3
436.00, 3
437.00, 3
438.00, 3
439.00, 3
440.00, 3
441.00, 3
442.00, 3
443.00, 3
444.00, 3
445.00, 3
446.00, 3
447.00, 3
448.00, 3
449.00, 3
450.00, 3
451.00, 3
452.00, 3
453.00, 3
454.00, 3
455.00, 3
456.00, 3
457.00, 3
458.00, 3
459.00, 5
460.00, 5
461.00, 5
462.00, 5
463.00, 5
464.00, 5
465.00, 5
466.00, 5
467.00, 5
468.00, 5
469.00, 5
470.00, 5
471.00, 5
472.00, 5
473.00, 5
474.00, 5
475.00, 5
476.00, 5
477.00, 5
478.00, 5
479.00, 5
480.00, 5
481.00, 5
482.00, 5
483.00, 5
484.00, 5
485.00, 2
486.00, 2
487.00, 2
488.00, 2
489.00, 2
490.00, 2
491.00, 2
492.00, 2
493.00, 2
494.00, 2
495.00, 2
496.00, 2
497.00, 2
498.00, 2
499.00, 2
500.00, 2
501.00, 2
502.00, 2
503.00, 2
504.00, 2
505.00, 2
506.00, 2
507.00, 2
508.00, 2
509.00, 2
510.00, 2
511.00, 2
512.00, 2
513.00, 2
514.00, 2
515.00, 2
516.00, 2
517.00, 2
518.00, 2
519.00, 2
520.00, 2
521.00, 2
522.00, 2
523.00, 2
524.00, 2
525.00, 2
526.00, 2
527.00, 2
528.00, 2
529.00, 2
530.00, 2
531.00, 2
532.00, 2
533.00, 2
534.00, 2
535.00, 2
536.00, 2
537.00, 0
538.00, 0
539.00, 0
540.00, 0
541.00, 0
542.00, 0
543.00, 0
544.00, 0
545.00, 0
546.00, 0
547.00, 0
548.00, 0
549.00, 0
550.00, 0
551.00, 0
552.00, 0
553.00, 0
554.00, 2
555.00, 2
556.00, 2
557.00, 2
558.00, 2
559.00, 2
560.00, 2
561.00, 2
562.00, 2
563.00, 2
564.00, 2
565.00, 2
566.00, 2
567.00, 2
568.00, 2
569.00, 2
570.00, 2
571.00, 2
572.00, 2
573.00, 2
574.00, 2
575.00, 2
576.00, 2
577.00, 2
578.00, 2
579.00, 2
580.00, 2
581.00, 2
582.00, 2
583.00, 2
584.00, 2
585.00, 2
586.00, 2
587.00, 2
588.00, 2
589.00, 2
590.00, 2
591.00, 2
592.00, 2
593.00, 2
594.00, 2
595.00, 2
596.00, 2
597.00, 2
598.00, 2
599.00, 2
600.00, 2
601.00, 2
602.00, 2
603.00, 2
604.00, 0
605.00, 0
606.00, 0
607.00, 0
608.00, 0
609.00, 0
610.00, 0
611.00, 0
612.00, 0
613.00, 0
614.00, 0
615.00, 0
616.00, 0
617.00, 0
618.00, 0
619.00, 0
620.00, 0
621.00, 0
622.00, 0
623.00, 0
624.00, 0
625.00, 0
626.00, 0
627.00, 0
628.00, 0
629.00, 0
630.00, 0
631.00, 0
632.00, 0
633.00, 0
634.00, 0
635.00, 0
636.00, 0
637.00, 0
638.00, 0
639.00, 0
640.00, 0
641.00, 0
642.00, 0
643.00, 0
644.00, 0
645.00, 0
646.00, 0
647.00, 0
648.00, 0
649.00, 0
650.00, 0
651.00, 0
652.00, 0
653.00, 0
654.00, 0
655.00, 0
656.00, 0
657.00, 0
658.00, 0
659.00, 0
660.00, 0
661.00, 0
662.00, 0
663.00, 0
664.00, 0
665.00, 0
666.00, 0
667.00, 0
668.00, 0
669.00, 0
670.00, 0
671.00, 0
672.00, 0
673.00, 0
674.00, 0
675.00, 0
676.00, 0
677.00, 0
678.00, 0
679.00, 0
680.00, 0
681.00, 0
682.00, 0
683.00, 0
684.00, 0
685.00, 0
686.00, 0
687.00, 0
688.00, 0
689.00, 0
690.00, 0
691.00, 0
692.00, 0
693.00, 0
694.00, 0
695.00, 0
696.00, 0
697.00, 0
698.00, 0
699.00, 0
700.00, 0
701.00, 0
702.00, 0
703.00, 0
704.00, 0
705.00, 0
706.00, 0
707.00, 0
708.00, 0
709.00, 0
710.00, 0
711.00, 0
712.00, 0
713.00, 0
714.00, 0
715.00, 0
716.00, 0
717.00, 0
718.00, 0
719.00, 0
720.00, 0
721.00, 0
722.00, 0
723.00, 0
724.00, 0
725.00, 0
726.00, 0
727.00, 0
728.00, 0
729.00, 0
730.00, 0
731.00, 0
732.00, 0
733.00, 0
734.00, 0
735.00, 0
736.00, 2
737.00, 2
738.00, 2
739.00, 2
740.00, 2
741.00, 2
742.00, 2
743.00, 2
744.00, 2
745.00, 2
746.00, 2
747.00, 2
748.00, 2
749.00, 2
750.00, 2
751.00, 2
752.00, 2
753.00, 2
754.00, 2
755.00, 2
756.00, 2
757.00, 2
758.00, 2
759.00, 2
760.00, 2
761.00, 2
762.00, 2
763.00, 2
764.00, 2
765.00, 2
766.00, 2
767.00, 2
768.00, 2
769.00, 2
770.00, 2
771.00, 2
772.00, 2
773.00, 2
774.00, 5
775.00, 5
776.00, 5
777.00, 5
778.00, 5
779.00, 5
780.00, 5
781.00, 5
782.00, 5
783.00, 5
784.00, 5
785.00, 5
786.00, 5
787.00, 5
788.00, 5
789.00, 5
790.00, 5
791.00, 5
792.00, 5
793.00, 5
794.00, 5
795.00, 5
796.00, 5
797.00, 5
798.00, 5
799.00, 5
800.00, 5
801.00, 5
802.00, 5
803.00, 5
804.00, 5
805.00, 5
806.00, 5
807.00, 5
808.00, 5
809.00, 5
810.00, 5
811.00, 5
812.00, 5
813.00, 5
814.00, 5
815.00, 5
816.00, 5
817.00, 5
818.00, 5
819.00, 5
820.00, 5
821.00, 5
822.00, 5
823.00, 5
824.00, 5
825.00, 5
826.00, 5
827.00, 5
828.00, 5
829.00, 5
830.00, 5
831.00, 5
832.00, 5
833.00, 5
834.00, 5
835.00, 5
836.00, 5
837.00, 5
838.00, 5
839.00, 5
840.00, 5
841.00, 5
842.00, 5
843.00, 5
844.00, 5
845.00, 5
846.00, 5
847.00, 5
848.00, 5
849.00, 5
850.00, 3
851.00, 3
852.00, 3
853.00, 3
854.00, 3
855.00, 3
856.00, 3
857.00, 3
858.00, 3
859.00, 3
860.00, 3
861.00, 3
862.00, 3
863.00, 3
864.00, 3
865.00, 3
866.00, 3
867.00, 3
868.00, 3
869.00, 3
870.00, 3
871.00, 3
872.00, 3
873.00, 3
874.00, 3
875.00, 3
876.00, 3
877.00, 3
878.00, 3
879.00, 3
880.00, 3
881.00, 3
882.00, 3
883.00, 3
884.00, 3
885.00, 3
886.00, 3
887.00, 3
888.00, 3
889.00, 3
890.00, 3
891.00, 3
892.00, 3
893.00, 3
894.00, 3
895.00, 3
896.00, 3
897.00, 3
898.00, 3
899.00, 3
900.00, 3
901.00, 3
902.00, 3
903.00, 3
904.00, 3
905.00, 3
906.00, 3
907.00, 3
908.00, 4
909.00, 4
910.00, 4
911.00, 4
912.00, 4
913.00, 4
914.00, 4
915.00, 4
916.00, 4
917.00, 4
918.00, 4
919.00, 4
920.00, 4
921.00, 4
922.00, 4
923.00, 4
924.00, 4
925.00, 4
926.00, 4
927.00, 4
928.00, 4
929.00, 4
930.00, 4
931.00, 4
932.00, 4
933.00, 4
934.00, 4
935.00, 4
936.00, 4
937.00, 4
938.00, 6
939.00, 6
940.00, 6
941.00, 6
942.00, 6
943.00, 6
944.00, 6
945.00, 6
946.00, 6
947.00, 2
948.00, 2
949.00, 2
950.00, 2
951.00, 2
952.00, 2
953.00, 2
954.00, 2
955.00, 2
956.00, 2
957.00, 2
958.00, 2
959.00, 2
960.00, 2
961.00, 2
962.00, 2
963.00, 2
964.00, 2
965.00, 2
966.00, 2
967.00, 2
968.00, 2
969.00, 2
970.00, 2
971.00, 2
972.00, 2
973.00, 2
974.00, 2
975.00, 2
976.00, 2
977.00, 2
978.00, 2
979.00, 2
980.00, 2
981.00, 2
982.00, 2
983.00, 2
984.00, 2
985.00, 2
986.00, 2
987.00, 2
988.00, 2
989.00, 2
990.00, 2
991.00, 2
992.00, 2
993.00, 2
994.00, 2
995.00, 2
996.00, 2
997.00, 2
998.00, 2
999.00, 2