0.00, 0
1.00, 0
2.00, 0
3.00, 0
4.00, 0
5.00, 2
6.00, 2
7.00, 2
8.00, 2
9.00, 2
10.00, 2
11.00, 2
12.00, 2
13.00, 2
14.00, 2
15.00, 2
16.00, 2
17.00, 2
18.00, 2
19.00, 2
20.00, 2
21.00, 2
22.00, 2
23.00, 2
24.00, 2
25.00, 2
26.00, 2
27.00, 2
28.00, 2
29.00, 2
30.00, 2
31.00, 2
32.00, 2
33.00, 2
34.00, 2
35.00, 2
36.00, 4
37.00, 4
38.00, 4
39.00, 4
40.00, 4
41.00, 4
42.00, 4
43.00, 4
44.00, 4
45.00, 4
46.00, 4
47.00, 4
48.00, 4
49.00, 4
50.00, 4
51.00, 4
52.00, 6
53.00, 6
54.00, 6
55.00, 6
56.00, 6
57.00, 6
58.00, 6
59.00, 6
60.00, 6
61.00, 6
62.00, 6
63.00, 6
64.00, 6
65.00, 6
66.00, 6
67.00, 6
68.00, 6
69.00, 6
70.00, 6
71.00, 0
72.00, 0
73.00, 0
74.00, 0
75.00, 0
76.00, 0
77.00, 0
78.00, 0
79.00, 0
80.00, 0
81.00, 0
82.00, 0
83.00, 0
84.00, 0
85.00, 0
86.00, 0
87.00, 0
88.00, 0
89.00, 0
90.00, 0
91.00, 0
92.00, 0
93.00, 0
94.00, 0
95.00, 0
96.00, 0
97.00, 0
98.00, 0
99.00, 0
100.00, 0
101.00, 0
102.00, 0
103.00, 0
104.00, 0
105.00, 0
106.00, 0
107.00, 0
108.00, 0
109.00, 0
110.00, 0
111.00, 0
112.00, 0
113.00, 6
114.00, 6
115.00, 6
116.00, 6
117.00, 6
118.00, 6
119.00, 6
120.00, 6
121.00, 6
122.00, 6
123.00, 6
124.00, 6
125.00, 6
126.00, 6
127.00, 6
128.00, 6
129.00, 6
130.00, 6
131.00, 6
132.00, 6
133.00, 6
134.00, 6
135.00, 6
136.00, 6
137.00, 6
138.00, 6
139.00, 6
140.00, 6
141.00, 6
142.00, 6
143.00, 6
144.00, 7
145.00, 0
146.00, 0
147.00, 0
148.00, 0
149.00, 0
150.00, 0
151.00, 0
152.00, 0
153.00, 0
154.00, 0
155.00, 0
156.00, 0
157.00, 0
158.00, 0
159.00, 0
160.00, 0
161.00, 0
162.00, 0
163.00, 0
164.00, 0
165.00, 0
166.00, 0
167.00, 0
168.00, 0
169.00, 0
170.00, 0
171.00, 0
172.00, 2
173.00, 2
174.00, 2
175.00, 2
176.00, 2
177.00, 2
178.00, 2
179.00, 2
180.00, 2
181.00, 2
182.00, 2
183.00, 2
184.00, 2
185.00, 2
186.00, 2
187.00, 2
188.00, 2
189.00, 2
190.00, 2
191.00, 2
192.00, 2
193.00, 2
194.00, 2
195.00, 2
196.00, 2
197.00, 2
198.00, 2
199.00, 2
200.00, 2
201.00, 2
202.00, 2
203.00, 2
204.00, 2
205.00, 2
206.00, 2
207.00, 2
208.00, 2
209.00, 2
210.00, 2
211.00, 2
212.00, 2
213.00, 2
214.00, 2
215.00, 2
216.00, 2
217.00, 2
218.00, 2
219.00, 2
220.00, 2
221.00, 2
222.00, 2
223.00, 2
224.00, 2
225.00, 2
226.00, 2
227.00, 2
228.00, 2
229.00, 2
230.00, 2
231.00, 2
232.00, 2
233.00, 2
234.00, 2
235.00, 2
236.00, 2
237.00, 2
238.00, 2
239.00, 2
240.00, 2
241.00, 2
242.00, 2
243.00, 2
244.00, 2
245.00, 2
246.00, 2
247.00, 2
248.00, 2
249.00, 2
250.00, 2
251.00, 2
252.00, 2
253.00, 2
254.00, 2
255.00, 2
256.00, 2
257.00, 5
258.00, 5
259.00, 5
260.00, 5
261.00, 5
262.00, 5
263.00, 5
264.00, 5
265.00, 5
266.00, 2
267.00, 2
268.00, 2
269.00, 2
270.00, 2
271.00, 2
272.00, 2
273.00, 2
274.00, 2
275.00, 2
276.00, 2
277.00, 2
278.00, 2
279.00, 2
280.00, 2
281.00, 2
282.00, 2
283.00, 2
284.00, 2
285.00, 2
286.00, 2
287.00, 2
288.00, 2
289.00, 2
290.00, 2
291.00, 2
292.00, 2
293.00, 2
294.00, 2
295.00, 2
296.00, 2
297.00, 2
298.00, 2
299.00, 2
300.00, 2
301.00, 2
302.00, 2
303.00, 4
304.00, 4
305.00, 4
306.00, 4
307.00, 4
308.00, 4
309.00, 4
310.00, 4
311.00, 4
312.00, 4
313.00, 4
314.00, 4
315.00, 4
316.00, 4
317.00, 4
318.00, 4
319.00, 4
320.00, 4
321.00, 4
322.00, 4
323.00, 4
324.00, 4
325.00, 4
326.00, 4
327.00, 4
328.00, 4
329.00, 4
330.00, 4
331.00, 4
332.00, 4
333.00, 4
334.00, 4
335.00, 4
336.00, 4
337.00, 4
338.00, 4
339.00, 4
340.00, 4
341.00, 4
342.00, 4
343.00, 4
344.00, 4
345.00, 4
346.00, 4
347.00, 4
348.00, 4
349.00, 4
350.00, 4
351.00, 4
352.00, 4
353.00, 4
354.00, 4
355.00, 4
356.00, 4
357.00, 4
358.00, 4
359.00, 4
360.00, 4
361.00, 4
362.00, 4
363.00, 4
364.00, 1
365.00, 1
366.00, 1
367.00, 1
368.00, 1
369.00, 1
370.00, 1
371.00, 1
372.00, 1
373.00, 1
374.00, 1
375.00, 1
376.00, 1
377.00, 1
378.00, 1
379.00, 1
380.00, 1
381.00, 1
382.00, 1
383.00, 1
384.00, 1
385.00, 1
386.00, 1
387.00, 1
388.00, 1
389.00, 1
390.00, 1
391.00, 1
392.00, 1
393.00, 1
394.00, 1
395.00, 1
396.00, 1
397.00, 1
398.00, 1
399.00, 1
400.00, 8
401.00, 8
402.00, 8
403.00, 8
404.00, 8
405.00, 8
406.00, 8
407.00, 8
408.00, 8
409.00, 1
410.00, 1
411.00, 1
412.00, 1
413.00, 1
414.00, 1
415.00, 1
416.00, 1
417.00, 1
418.00, 1
419.00, 1
420.00, 1
421.00, 1
422.00, 1
423.00, 1
424.00, 1
425.00, 1
426.00, 1
427.00, 1
428.00, 1
429.00, 1
430.00, 1
431.00, 1
432.00, 1
433.00, 1
434.00, 1
435.00, 1
436.00, 8
437.00, 8
438.00, 8
439.00, 8
440.00, 8
441.00, 8
442.00, 8
443.00, 8
444.00, 8
445.00, 8
446.00, 8
447.00, 8
448.00, 8
449.00, 8
450.00, 8
451.00, 8
452.00, 8
453.00, 8
454.00, 8
455.00, 8
456.00, 8
457.00, 8
458.00, 8
459.00, 8
460.00, 8
461.00, 8
462.00, 8
463.00, 8
464.00, 8
465.00, 8
466.00, 1
467.00, 1
468.00, 1
469.00, 1
470.00, 1
471.00, 1
472.00, 1
473.00, 1
474.00, 1
475.00, 1
476.00, 1
477.00, 1
478.00, 1
479.00, 1
480.00, 1
481.00, 1
482.00, 1
483.00, 1
484.00, 1
485.00, 1
486.00, 1
487.00, 1
488.00, 1
489.00, 1
490.00, 1
491.00, 1
492.00, 1
493.00, 1
494.00, 1
495.00, 8
496.00, 8
497.00, 8
498.00, 8
499.00, 8
500.00, 8
501.00, 8
502.00, 8
503.00, 8
504.00, 8
505.00, 8
506.00, 8
507.00, 8
508.00, 8
509.00, 8
510.00, 8
511.00, 8
512.00, 8
513.00, 8
514.00, 8
515.00, 8
516.00, 8
517.00, 8
518.00, 8
519.00, 8
520.00, 8
521.00, 8
522.00, 8
523.00, 8
524.00, 8
525.00, 8
526.00, 8
527.00, 8
528.00, 8
529.00, 8
530.00, 8
531.00, 8
532.00, 8
533.00, 8
534.00, 8
535.00, 8
536.00, 8
537.00, 8
538.00, 8
539.00, 8
540.00, 8
541.00, 8
542.00, 8
543.00, 8
544.00, 8
545.00, 8
546.00, 8
547.00, 8
548.00, 8
549.00, 8
550.00, 8
551.00, 8
552.00, 8
553.00, 8
554.00, 8
555.00, 8
556.00, 8
557.00, 8
558.00, 8
559.00, 8
560.00, 8
561.00, 8
562.00, 8
563.00, 8
564.00, 8
565.00, 8
566.00, 8
567.00, 8
568.00, 8
569.00, 8
570.00, 8
571.00, 8
572.00, 8
573.00, 8
574.00, 8
575.00, 8
576.00, 8
577.00, 8
578.00, 8
579.00, 8
580.00, 8
581.00, 8
582.00, 8
583.00, 8
584.00, 8
585.00, 8
586.00, 8
587.00, 8
588.00, 8
589.00, 8
590.00, 8
591.00, 8
592.00, 8
593.00, 8
594.00, 8
595.00, 8
596.00, 8
597.00, 8
598.00, 8
599.00, 8
600.00, 8
601.00, 8
602.00, 8
603.00, 8
604.00, 8
605.00, 8
606.00, 8
607.00, 8
608.00, 8
609.00, 8
610.00, 8
611.00, 8
612.00, 8
613.00, 8
614.00, 8
615.00, 8
616.00, 8
617.00, 8
618.00, 8
619.00, 8
620.00, 8
621.00, 8
622.00, 8
623.00, 8
624.00, 8
625.00, 8
626.00, 8
627.00, 8
628.00, 8
629.00, 8
630.00, 8
631.00, 8
632.00, 8
633.00, 8
634.00, 8
635.00, 8
636.00, 8
637.00, 8
638.00, 8
639.00, 8
640.00, 8
641.00, 8
642.00, 8
643.00, 8
644.00, 8
645.00, 8
646.00, 8
647.00, 8
648.00, 8
649.00, 8
650.00, 8
651.00, 8
652.00, 8
653.00, 8
654.00, 8
655.00, 8
656.00, 8
657.00, 8
658.00, 8
659.00, 8
660.00, 8
661.00, 8
662.00, 8
663.00, 8
664.00, 8
665.00, 8
666.00, 8
667.00, 8
668.00, 8
669.00, 8
670.00, 8
671.00, 8
672.00, 8
673.00, 8
674.00, 8
675.00, 8
676.00, 8
677.00, 8
678.00, 8
679.00, 8
680.00, 8
681.00, 8
682.00, 8
683.00, 8
684.00, 8
685.00, 8
686.00, 8
687.00, 8
688.00, 8
689.00, 8
690.00, 8
691.00, 8
692.00, 8
693.00, 8
694.00, 8
695.00, 8
696.00, 8
697.00, 8
698.00, 8
699.00, 8
700.00, 8
701.00, 8
702.00, 8
703.00, 8
704.00, 8
705.00, 8
706.00, 8
707.00, 8
708.00, 8
709.00, 8
710.00, 8
711.00, 8
712.00, 8
713.00, 8
714.00, 8
715.00, 8
716.00, 8
717.00, 8
718.00, 8
719.00, 8
720.00, 3
721.00, 3
722.00, 3
723.00, 3
724.00, 3
725.00, 3
726.00, 3
727.00, 3
728.00, 3
729.00, 3
730.00, 3
731.00, 3
732.00, 3
733.00, 3
734.00, 3
735.00, 3
736.00, 3
737.00, 3
738.00, 3
739.00, 3
740.00, 3
741.00, 3
742.00, 3
743.00, 3
744.00, 3
745.00, 3
746.00, 3
747.00, 3
748.00, 4
749.00, 4
750.00, 4
751.00, 4
752.00, 4
753.00, 4
754.00, 4
755.00, 4
756.00, 4
757.00, 4
758.00, 4
759.00, 4
760.00, 4
761.00, 4
762.00, 4
763.00, 4
764.00, 4
765.00, 4
766.00, 0
767.00, 1
768.00, 1
769.00, 1
770.00, 1
771.00, 1
772.00, 1
773.00, 1
774.00, 1
775.00, 1
776.00, 1
777.00, 1
778.00, 1
779.00, 1
780.00, 1
781.00, 1
782.00, 1
783.00, 1
784.00, 1
785.00, 1
786.00, 7
787.00, 7
788.00, 7
789.00, 7
790.00, 7
791.00, 7
792.00, 7
793.00, 7
794.00, 7
795.00, 7
796.00, 7
797.00, 7
798.00, 7
799.00, 7
800.00, 7
801.00, 7
802.00, 7
803.00, 6
804.00, 6
805.00, 6
806.00, 6
807.00, 6
808.00, 6
809.00, 6
810.00, 6
811.00, 6
812.00, 6
813.00, 6
814.00, 6
815.00, 6
816.00, 6
817.00, 6
818.00, 6
819.00, 6
820.00, 6
821.00, 6
822.00, 6
823.00, 6
824.00, 6
825.00, 6
826.00, 6
827.00, 6
828.00, 6
829.00, 6
830.00, 6
831.00, 6
832.00, 6
833.00, 6
834.00, 6
835.00, 6
836.00, 6
837.00, 6
838.00, 6
839.00, 6
840.00, 6
841.00, 6
842.00, 6
843.00, 6
844.00, 6
845.00, 6
846.00, 6
847.00, 6
848.00, 0
849.00, 0
850.00, 0
851.00, 0
852.00, 0
853.00, 0
854.00, 0
855.00, 0
856.00, 7
857.00, 6
858.00, 6
859.00, 6
860.00, 6
861.00, 6
862.00, 6
863.00, 6
864.00, 6
865.00, 6
866.00, 6
867.00, 6
868.00, 6
869.00, 6
870.00, 6
871.00, 6
872.00, 6
873.00, 6
874.00, 6
875.00, 6
876.00, 6
877.00, 6
878.00, 6
879.00, 6
880.00, 6
881.00, 6
882.00, 6
883.00, 6
884.00, 6
885.00, 6
886.00, 6
887.00, 6
888.00, 6
889.00, 6
890.00, 6
891.00, 7
892.00, 7
893.00, 7
894.00, 7
895.00, 7
896.00, 7
897.00, 7
898.00, 7
899.00, 7
900.00, 7
901.00, 7
902.00, 7
903.00, 7
904.00, 7
905.00, 7
906.00, 7
907.00, 7
908.00, 7
909.00, 7
910.00, 7
911.00, 7
912.00, 7
913.00, 7
914.00, 7
915.00, 7
916.00, 7
917.00, 7
918.00, 7
919.00, 7
920.00, 7
921.00, 7
922.00, 7
923.00, 7
924.00, 7
925.00, 7
926.00, 7
927.00, 7
928.00, 7
929.00, 7
930.00, 7
931.00, 7
932.00, 7
933.00, 7
934.00, 7
935.00, 7
936.00, 7
937.00, 7
938.00, 7
939.00, 7
940.00, 7
941.00, 7
942.00, 7
943.00, 7
944.00, 7
945.00, 7
946.00, 6
947.00, 6
948.00, 6
949.00, 6
950.00, 6
951.00, 6
952.00, 6
953.00, 6
954.00, 6
955.00, 6
956.00, 7
957.00, 7
958.00, 7
959.00, 7
960.00, 7
961.00, 7
962.00, 7
963.00, 7
964.00, 7
965.00, 7
966.00, 7
967.00, 7
968.00, 7
969.00, 7
970.00, 7
971.00, 7
972.00, 7
973.00, 7
974.00, 7
975.00, 7
976.00, 7
977.00, 7
978.00, 7
979.00, 7
980.00, 7
981.00, 7
982.00, 7
983.00, 7
984.00, 7
985.00, 7
986.00, 7
987.00, 7
988.00, 7
989.00, 7
990.00, 7
991.00, 7
992.00, 7
993.00, 6
994.00, 6
995.00, 6
996.00, 6
997.00, 6
998.00, 6
999.00, 6