0.00, 7
1.00, 7
2.00, 7
3.00, 7
4.00, 7
5.00, 7
6.00, 7
7.00, 7
8.00, 7
9.00, 7
10.00, 7
11.00, 7
12.00, 7
13.00, 7
14.00, 7
15.00, 7
16.00, 7
17.00, 7
18.00, 7
19.00, 7
20.00, 7
21.00, 7
22.00, 7
23.00, 7
24.00, 7
25.00, 7
26.00, 7
27.00, 7
28.00, 7
29.00, 7
30.00, 7
31.00, 7
32.00, 7
33.00, 7
34.00, 7
35.00, 7
36.00, 7
37.00, 7
38.00, 7
39.00, 7
40.00, 7
41.00, 7
42.00, 7
43.00, 7
44.00, 7
45.00, 7
46.00, 7
47.00, 7
48.00, 7
49.00, 7
50.00, 7
51.00, 6
52.00, 6
53.00, 6
54.00, 6
55.00, 6
56.00, 6
57.00, 6
58.00, 6
59.00, 6
60.00, 6
61.00, 6
62.00, 6
63.00, 6
64.00, 6
65.00, 6
66.00, 6
67.00, 6
68.00, 6
69.00, 6
70.00, 6
71.00, 6
72.00, 0
73.00, 0
74.00, 0
75.00, 0
76.00, 0
77.00, 0
78.00, 0
79.00, 0
80.00, 0
81.00, 0
82.00, 0
83.00, 0
84.00, 0
85.00, 0
86.00, 0
87.00, 0
88.00, 0
89.00, 0
90.00, 0
91.00, 0
92.00, 0
93.00, 0
94.00, 0
95.00, 0
96.00, 0
97.00, 0
98.00, 0
99.00, 0
100.00, 0
101.00, 0
102.00, 0
103.00, 0
104.00, 0
105.00, 0
106.00, 0
107.00, 0
108.00, 0
109.00, 0
110.00, 0
111.00, 2
112.00, 2
113.00, 2
114.00, 2
115.00, 2
116.00, 2
117.00, 2
118.00, 2
119.00, 2
120.00, 2
121.00, 2
122.00, 2
123.00, 2
124.00, 2
125.00, 2
126.00, 2
127.00, 2
128.00, 2
129.00, 2
130.00, 2
131.00, 2
132.00, 2
133.00, 2
134.00, 2
135.00, 2
136.00, 2
137.00, 2
138.00, 2
139.00, 2
140.00, 2
141.00, 2
142.00, 2
143.00, 2
144.00, 2
145.00, 2
146.00, 2
147.00, 2
148.00, 2
149.00, 2
150.00, 2
151.00, 2
152.00, 2
153.00, 2
154.00, 2
155.00, 2
156.00, 2
157.00, 2
158.00, 2
159.00, 5
160.00, 5
161.00, 5
162.00, 5
163.00, 5
164.00, 5
165.00, 5
166.00, 5
167.00, 5
168.00, 5
169.00, 5
170.00, 5
171.00, 5
172.00, 5
173.00, 5
174.00, 5
175.00, 5
176.00, 5
177.00, 5
178.00, 5
179.00, 5
180.00, 5
181.00, 5
182.00, 5
183.00, 5
184.00, 5
185.00, 5
186.00, 5
187.00, 5
188.00, 5
189.00, 5
190.00, 5
191.00, 5
192.00, 5
193.00, 5
194.00, 5
195.00, 5
196.00, 5
197.00, 5
198.00, 5
199.00, 5
200.00, 5
201.00, 5
202.00, 5
203.00, 5
204.00, 5
205.00, 5
206.00, 5
207.00, 5
208.00, 5
209.00, 5
210.00, 5
211.00, 5
212.00, 5
213.00, 5
214.00, 5
215.00, 5
216.00, 5
217.00, 5
218.00, 5
219.00, 5
220.00, 5
221.00, 5
222.00, 5
223.00, 5
224.00, 5
225.00, 5
226.00, 5
227.00, 5
228.00, 5
229.00, 5
230.00, 5
231.00, 5
232.00, 5
233.00, 5
234.00, 5
235.00, 5
236.00, 5
237.00, 5
238.00, 5
239.00, 5
240.00, 5
241.00, 3
242.00, 3
243.00, 3
244.00, 3
245.00, 3
246.00, 3
247.00, 3
248.00, 3
249.00, 3
250.00, 3
251.00, 3
252.00, 3
253.00, 3
254.00, 3
255.00, 4
256.00, 4
257.00, 4
258.00, 4
259.00, 4
260.00, 4
261.00, 4
262.00, 4
263.00, 4
264.00, 4
265.00, 4
266.00, 4
267.00, 4
268.00, 4
269.00, 4
270.00, 4
271.00, 4
272.00, 4
273.00, 4
274.00, 4
275.00, 4
276.00, 4
277.00, 4
278.00, 4
279.00, 4
280.00, 4
281.00, 4
282.00, 4
283.00, 4
284.00, 4
285.00, 4
286.00, 4
287.00, 4
288.00, 4
289.00, 4
290.00, 4
291.00, 4
292.00, 4
293.00, 4
294.00, 4
295.00, 4
296.00, 4
297.00, 4
298.00, 4
299.00, 4
300.00, 4
301.00, 4
302.00, 4
303.00, 4
304.00, 4
305.00, 4
306.00, 4
307.00, 4
308.00, 4
309.00, 4
310.00, 4
311.00, 4
312.00, 4
313.00, 4
314.00, 4
315.00, 4
316.00, 4
317.00, 4
318.00, 4
319.00, 4
320.00, 2
321.00, 2
322.00, 2
323.00, 2
324.00, 2
325.00, 2
326.00, 2
327.00, 2
328.00, 2
329.00, 2
330.00, 2
331.00, 2
332.00, 2
333.00, 2
334.00, 2
335.00, 2
336.00, 2
337.00, 2
338.00, 2
339.00, 2
340.00, 2
341.00, 2
342.00, 2
343.00, 2
344.00, 2
345.00, 5
346.00, 5
347.00, 5
348.00, 5
349.00, 5
350.00, 5
351.00, 5
352.00, 5
353.00, 5
354.00, 5
355.00, 5
356.00, 5
357.00, 5
358.00, 5
359.00, 5
360.00, 5
361.00, 5
362.00, 5
363.00, 5
364.00, 5
365.00, 5
366.00, 5
367.00, 5
368.00, 5
369.00, 5
370.00, 5
371.00, 5
372.00, 5
373.00, 5
374.00, 5
375.00, 5
376.00, 5
377.00, 5
378.00, 5
379.00, 5
380.00, 5
381.00, 5
382.00, 5
383.00, 5
384.00, 5
385.00, 5
386.00, 5
387.00, 5
388.00, 5
389.00, 5
390.00, 5
391.00, 5
392.00, 5
393.00, 5
394.00, 5
395.00, 5
396.00, 5
397.00, 5
398.00, 5
399.00, 5
400.00, 5
401.00, 5
402.00, 5
403.00, 5
404.00, 2
405.00, 2
406.00, 2
407.00, 2
408.00, 2
409.00, 2
410.00, 2
411.00, 2
412.00, 2
413.00, 2
414.00, 2
415.00, 2
416.00, 2
417.00, 2
418.00, 2
419.00, 2
420.00, 2
421.00, 2
422.00, 2
423.00, 2
424.00, 2
425.00, 0
426.00, 0
427.00, 0
428.00, 0
429.00, 0
430.00, 0
431.00, 0
432.00, 0
433.00, 0
434.00, 0
435.00, 0
436.00, 0
437.00, 0
438.00, 0
439.00, 0
440.00, 0
441.00, 0
442.00, 0
443.00, 0
444.00, 0
445.00, 0
446.00, 0
447.00, 0
448.00, 0
449.00, 0
450.00, 0
451.00, 0
452.00, 0
453.00, 0
454.00, 0
455.00, 0
456.00, 0
457.00, 0
458.00, 0
459.00, 0
460.00, 0
461.00, 0
462.00, 0
463.00, 0
464.00, 0
465.00, 0
466.00, 0
467.00, 0
468.00, 0
469.00, 0
470.00, 0
471.00, 0
472.00, 0
473.00, 0
474.00, 0
475.00, 0
476.00, 0
477.00, 0
478.00, 0
479.00, 0
480.00, 6
481.00, 6
482.00, 6
483.00, 6
484.00, 6
485.00, 6
486.00, 6
487.00, 6
488.00, 6
489.00, 6
490.00, 6
491.00, 6
492.00, 6
493.00, 6
494.00, 6
495.00, 6
496.00, 6
497.00, 6
498.00, 6
499.00, 6
500.00, 6
501.00, 6
502.00, 6
503.00, 6
504.00, 6
505.00, 6
506.00, 6
507.00, 6
508.00, 6
509.00, 6
510.00, 6
511.00, 6
512.00, 6
513.00, 6
514.00, 6
515.00, 6
516.00, 6
517.00, 6
518.00, 6
519.00, 6
520.00, 6
521.00, 6
522.00, 6
523.00, 6
524.00, 6
525.00, 6
526.00, 6
527.00, 6
528.00, 6
529.00, 6
530.00, 4
531.00, 4
532.00, 4
533.00, 4
534.00, 4
535.00, 4
536.00, 4
537.00, 4
538.00, 4
539.00, 4
540.00, 4
541.00, 4
542.00, 4
543.00, 4
544.00, 4
545.00, 4
546.00, 4
547.00, 4
548.00, 4
549.00, 4
550.00, 4
551.00, 4
552.00, 4
553.00, 4
554.00, 4
555.00, 4
556.00, 4
557.00, 4
558.00, 4
559.00, 4
560.00, 4
561.00, 4
562.00, 4
563.00, 4
564.00, 4
565.00, 4
566.00, 4
567.00, 1
568.00, 1
569.00, 1
570.00, 1
571.00, 1
572.00, 1
573.00, 1
574.00, 1
575.00, 1
576.00, 1
577.00, 1
578.00, 1
579.00, 1
580.00, 1
581.00, 1
582.00, 1
583.00, 1
584.00, 1
585.00, 1
586.00, 1
587.00, 1
588.00, 1
589.00, 1
590.00, 1
591.00, 1
592.00, 1
593.00, 1
594.00, 1
595.00, 1
596.00, 1
597.00, 1
598.00, 1
599.00, 1
600.00, 1
601.00, 1
602.00, 1
603.00, 1
604.00, 1
605.00, 1
606.00, 1
607.00, 1
608.00, 1
609.00, 1
610.00, 1
611.00, 1
612.00, 1
613.00, 8
614.00, 8
615.00, 8
616.00, 8
617.00, 8
618.00, 8
619.00, 8
620.00, 8
621.00, 8
622.00, 8
623.00, 8
624.00, 8
625.00, 8
626.00, 8
627.00, 8
628.00, 8
629.00, 8
630.00, 8
631.00, 8
632.00, 8
633.00, 8
634.00, 8
635.00, 8
636.00, 8
637.00, 8
638.00, 8
639.00, 8
640.00, 8
641.00, 8
642.00, 8
643.00, 8
644.00, 8
645.00, 8
646.00, 8
647.00, 8
648.00, 8
649.00, 8
650.00, 8
651.00, 8
652.00, 8
653.00, 8
654.00, 8
655.00, 4
656.00, 4
657.00, 4
658.00, 4
659.00, 4
660.00, 4
661.00, 4
662.00, 4
663.00, 4
664.00, 4
665.00, 4
666.00, 4
667.00, 4
668.00, 4
669.00, 4
670.00, 4
671.00, 4
672.00, 4
673.00, 4
674.00, 4
675.00, 4
676.00, 4
677.00, 4
678.00, 4
679.00, 4
680.00, 4
681.00, 4
682.00, 8
683.00, 8
684.00, 8
685.00, 8
686.00, 8
687.00, 8
688.00, 8
689.00, 8
690.00, 8
691.00, 8
692.00, 8
693.00, 8
694.00, 8
695.00, 8
696.00, 8
697.00, 8
698.00, 8
699.00, 8
700.00, 8
701.00, 8
702.00, 8
703.00, 8
704.00, 8
705.00, 8
706.00, 3
707.00, 3
708.00, 3
709.00, 3
710.00, 3
711.00, 3
712.00, 3
713.00, 3
714.00, 3
715.00, 3
716.00, 3
717.00, 3
718.00, 3
719.00, 3
720.00, 3
721.00, 3
722.00, 3
723.00, 3
724.00, 3
725.00, 3
726.00, 3
727.00, 3
728.00, 3
729.00, 3
730.00, 3
731.00, 3
732.00, 3
733.00, 3
734.00, 3
735.00, 3
736.00, 3
737.00, 3
738.00, 3
739.00, 3
740.00, 3
741.00, 3
742.00, 3
743.00, 3
744.00, 4
745.00, 4
746.00, 4
747.00, 4
748.00, 4
749.00, 4
750.00, 4
751.00, 4
752.00, 4
753.00, 4
754.00, 4
755.00, 4
756.00, 4
757.00, 4
758.00, 4
759.00, 4
760.00, 4
761.00, 4
762.00, 4
763.00, 4
764.00, 4
765.00, 4
766.00, 4
767.00, 4
768.00, 4
769.00, 4
770.00, 4
771.00, 4
772.00, 4
773.00, 6
774.00, 6
775.00, 6
776.00, 6
777.00, 6
778.00, 6
779.00, 6
780.00, 6
781.00, 6
782.00, 4
783.00, 4
784.00, 4
785.00, 4
786.00, 4
787.00, 4
788.00, 4
789.00, 4
790.00, 4
791.00, 4
792.00, 4
793.00, 4
794.00, 4
795.00, 4
796.00, 4
797.00, 4
798.00, 4
799.00, 4
800.00, 4
801.00, 4
802.00, 4
803.00, 4
804.00, 4
805.00, 4
806.00, 4
807.00, 4
808.00, 4
809.00, 4
810.00, 4
811.00, 4
812.00, 4
813.00, 4
814.00, 4
815.00, 4
816.00, 4
817.00, 4
818.00, 4
819.00, 4
820.00, 4
821.00, 4
822.00, 4
823.00, 4
824.00, 4
825.00, 4
826.00, 4
827.00, 4
828.00, 4
829.00, 4
830.00, 4
831.00, 4
832.00, 4
833.00, 4
834.00, 4
835.00, 4
836.00, 3
837.00, 3
838.00, 3
839.00, 3
840.00, 3
841.00, 3
842.00, 3
843.00, 3
844.00, 3
845.00, 3
846.00, 3
847.00, 3
848.00, 3
849.00, 3
850.00, 3
851.00, 3
852.00, 3
853.00, 3
854.00, 3
855.00, 8
856.00, 8
857.00, 8
858.00, 8
859.00, 8
860.00, 8
861.00, 8
862.00, 8
863.00, 8
864.00, 8
865.00, 8
866.00, 8
867.00, 8
868.00, 8
869.00, 8
870.00, 8
871.00, 8
872.00, 8
873.00, 8
874.00, 1
875.00, 1
876.00, 1
877.00, 1
878.00, 1
879.00, 1
880.00, 1
881.00, 1
882.00, 1
883.00, 1
884.00, 1
885.00, 1
886.00, 4
887.00, 4
888.00, 4
889.00, 4
890.00, 4
891.00, 4
892.00, 4
893.00, 4
894.00, 4
895.00, 4
896.00, 4
897.00, 4
898.00, 4
899.00, 4
900.00, 4
901.00, 4
902.00, 4
903.00, 4
904.00, 4
905.00, 4
906.00, 4
907.00, 4
908.00, 2
909.00, 2
910.00, 2
911.00, 2
912.00, 2
913.00, 2
914.00, 2
915.00, 2
916.00, 2
917.00, 2
918.00, 2
919.00, 2
920.00, 2
921.00, 2
922.00, 2
923.00, 2
924.00, 2
925.00, 2
926.00, 5
927.00, 5
928.00, 5
929.00, 5
930.00, 5
931.00, 5
932.00, 5
933.00, 5
934.00, 5
935.00, 5
936.00, 5
937.00, 5
938.00, 5
939.00, 5
940.00, 5
941.00, 5
942.00, 5
943.00, 5
944.00, 5
945.00, 5
946.00, 5
947.00, 5
948.00, 5
949.00, 5
950.00, 5
951.00, 5
952.00, 5
953.00, 5
954.00, 5
955.00, 5
956.00, 5
957.00, 5
958.00, 3
959.00, 3
960.00, 3
961.00, 3
962.00, 3
963.00, 3
964.00, 3
965.00, 3
966.00, 3
967.00, 3
968.00, 3
969.00, 3
970.00, 3
971.00, 3
972.00, 3
973.00, 3
974.00, 3
975.00, 3
976.00, 3
977.00, 3
978.00, 3
979.00, 3
980.00, 8
981.00, 8
982.00, 8
983.00, 8
984.00, 8
985.00, 8
986.00, 8
987.00, 8
988.00, 8
989.00, 8
990.00, 8
991.00, 8
992.00, 8
993.00, 8
994.00, 8
995.00, 8
996.00, 8
997.00, 8
998.00, 8
999.00, 8