0.00, 0
1.00, 0
2.00, 0
3.00, 0
4.00, 0
5.00, 0
6.00, 0
7.00, 0
8.00, 0
9.00, 0
10.00, 0
11.00, 0
12.00, 0
13.00, 0
14.00, 0
15.00, 0
16.00, 0
17.00, 0
18.00, 0
19.00, 0
20.00, 0
21.00, 0
22.00, 0
23.00, 5
24.00, 2
25.00, 2
26.00, 2
27.00, 2
28.00, 2
29.00, 2
30.00, 2
31.00, 2
32.00, 2
33.00, 2
34.00, 2
35.00, 2
36.00, 2
37.00, 2
38.00, 2
39.00, 2
40.00, 2
41.00, 2
42.00, 2
43.00, 2
44.00, 2
45.00, 2
46.00, 2
47.00, 4
48.00, 4
49.00, 4
50.00, 4
51.00, 4
52.00, 4
53.00, 4
54.00, 4
55.00, 4
56.00, 4
57.00, 4
58.00, 4
59.00, 4
60.00, 4
61.00, 4
62.00, 4
63.00, 4
64.00, 4
65.00, 4
66.00, 4
67.00, 4
68.00, 4
69.00, 4
70.00, 4
71.00, 4
72.00, 4
73.00, 4
74.00, 4
75.00, 4
76.00, 4
77.00, 4
78.00, 4
79.00, 4
80.00, 4
81.00, 4
82.00, 4
83.00, 4
84.00, 3
85.00, 3
86.00, 3
87.00, 3
88.00, 3
89.00, 3
90.00, 3
91.00, 3
92.00, 3
93.00, 3
94.00, 3
95.00, 3
96.00, 3
97.00, 3
98.00, 3
99.00, 3
100.00, 3
101.00, 3
102.00, 3
103.00, 3
104.00, 3
105.00, 3
106.00, 5
107.00, 5
108.00, 5
109.00, 5
110.00, 5
111.00, 5
112.00, 5
113.00, 5
114.00, 5
115.00, 5
116.00, 5
117.00, 5
118.00, 5
119.00, 5
120.00, 5
121.00, 5
122.00, 5
123.00, 5
124.00, 5
125.00, 5
126.00, 5
127.00, 5
128.00, 5
129.00, 5
130.00, 5
131.00, 5
132.00, 5
133.00, 5
134.00, 5
135.00, 5
136.00, 5
137.00, 5
138.00, 5
139.00, 5
140.00, 5
141.00, 5
142.00, 5
143.00, 5
144.00, 5
145.00, 5
146.00, 5
147.00, 5
148.00, 5
149.00, 5
150.00, 5
151.00, 5
152.00, 5
153.00, 5
154.00, 5
155.00, 5
156.00, 5
157.00, 5
158.00, 5
159.00, 5
160.00, 5
161.00, 5
162.00, 5
163.00, 5
164.00, 5
165.00, 5
166.00, 5
167.00, 5
168.00, 5
169.00, 5
170.00, 5
171.00, 5
172.00, 5
173.00, 5
174.00, 5
175.00, 5
176.00, 5
177.00, 5
178.00, 5
179.00, 5
180.00, 5
181.00, 5
182.00, 5
183.00, 5
184.00, 5
185.00, 5
186.00, 5
187.00, 5
188.00, 5
189.00, 5
190.00, 2
191.00, 2
192.00, 2
193.00, 2
194.00, 2
195.00, 2
196.00, 2
197.00, 2
198.00, 2
199.00, 2
200.00, 2
201.00, 2
202.00, 2
203.00, 2
204.00, 2
205.00, 2
206.00, 2
207.00, 2
208.00, 2
209.00, 2
210.00, 2
211.00, 2
212.00, 2
213.00, 2
214.00, 2
215.00, 2
216.00, 2
217.00, 2
218.00, 2
219.00, 2
220.00, 2
221.00, 2
222.00, 2
223.00, 2
224.00, 2
225.00, 2
226.00, 2
227.00, 2
228.00, 2
229.00, 2
230.00, 2
231.00, 2
232.00, 2
233.00, 2
234.00, 2
235.00, 2
236.00, 2
237.00, 2
238.00, 2
239.00, 2
240.00, 2
241.00, 2
242.00, 2
243.00, 2
244.00, 2
245.00, 2
246.00, 2
247.00, 2
248.00, 5
249.00, 5
250.00, 5
251.00, 5
252.00, 5
253.00, 5
254.00, 5
255.00, 5
256.00, 5
257.00, 5
258.00, 5
259.00, 5
260.00, 5
261.00, 5
262.00, 5
263.00, 5
264.00, 5
265.00, 5
266.00, 5
267.00, 5
268.00, 5
269.00, 5
270.00, 5
271.00, 5
272.00, 5
273.00, 5
274.00, 5
275.00, 5
276.00, 5
277.00, 2
278.00, 2
279.00, 2
280.00, 2
281.00, 2
282.00, 2
283.00, 2
284.00, 2
285.00, 2
286.00, 2
287.00, 2
288.00, 2
289.00, 2
290.00, 2
291.00, 2
292.00, 2
293.00, 2
294.00, 2
295.00, 2
296.00, 2
297.00, 2
298.00, 2
299.00, 2
300.00, 2
301.00, 2
302.00, 2
303.00, 2
304.00, 2
305.00, 2
306.00, 2
307.00, 2
308.00, 2
309.00, 2
310.00, 2
311.00, 2
312.00, 2
313.00, 2
314.00, 2
315.00, 2
316.00, 2
317.00, 2
318.00, 2
319.00, 2
320.00, 4
321.00, 4
322.00, 4
323.00, 4
324.00, 4
325.00, 4
326.00, 4
327.00, 4
328.00, 4
329.00, 4
330.00, 4
331.00, 4
332.00, 4
333.00, 4
334.00, 4
335.00, 4
336.00, 4
337.00, 4
338.00, 4
339.00, 4
340.00, 4
341.00, 4
342.00, 4
343.00, 4
344.00, 4
345.00, 4
346.00, 4
347.00, 4
348.00, 4
349.00, 4
350.00, 4
351.00, 4
352.00, 4
353.00, 4
354.00, 4
355.00, 4
356.00, 4
357.00, 4
358.00, 4
359.00, 4
360.00, 4
361.00, 4
362.00, 2
363.00, 2
364.00, 2
365.00, 2
366.00, 2
367.00, 2
368.00, 2
369.00, 2
370.00, 2
371.00, 2
372.00, 2
373.00, 2
374.00, 2
375.00, 2
376.00, 2
377.00, 2
378.00, 2
379.00, 2
380.00, 2
381.00, 2
382.00, 2
383.00, 2
384.00, 2
385.00, 2
386.00, 2
387.00, 2
388.00, 2
389.00, 2
390.00, 2
391.00, 2
392.00, 2
393.00, 2
394.00, 2
395.00, 2
396.00, 2
397.00, 2
398.00, 2
399.00, 2
400.00, 2
401.00, 2
402.00, 2
403.00, 2
404.00, 5
405.00, 5
406.00, 5
407.00, 5
408.00, 5
409.00, 5
410.00, 5
411.00, 5
412.00, 5
413.00, 5
414.00, 5
415.00, 5
416.00, 5
417.00, 5
418.00, 5
419.00, 5
420.00, 5
421.00, 5
422.00, 5
423.00, 5
424.00, 5
425.00, 5
426.00, 5
427.00, 5
428.00, 5
429.00, 5
430.00, 5
431.00, 5
432.00, 5
433.00, 5
434.00, 5
435.00, 5
436.00, 5
437.00, 5
438.00, 5
439.00, 5
440.00, 2
441.00, 2
442.00, 2
443.00, 2
444.00, 2
445.00, 2
446.00, 2
447.00, 2
448.00, 2
449.00, 2
450.00, 2
451.00, 2
452.00, 2
453.00, 2
454.00, 2
455.00, 2
456.00, 2
457.00, 2
458.00, 2
459.00, 2
460.00, 2
461.00, 2
462.00, 2
463.00, 2
464.00, 2
465.00, 2
466.00, 2
467.00, 2
468.00, 2
469.00, 2
470.00, 2
471.00, 2
472.00, 2
473.00, 2
474.00, 2
475.00, 2
476.00, 2
477.00, 2
478.00, 2
479.00, 2
480.00, 2
481.00, 2
482.00, 2
483.00, 2
484.00, 2
485.00, 2
486.00, 2
487.00, 2
488.00, 2
489.00, 2
490.00, 2
491.00, 2
492.00, 2
493.00, 2
494.00, 2
495.00, 2
496.00, 2
497.00, 2
498.00, 2
499.00, 2
500.00, 2
501.00, 2
502.00, 2
503.00, 2
504.00, 2
505.00, 2
506.00, 4
507.00, 4
508.00, 4
509.00, 4
510.00, 4
511.00, 4
512.00, 4
513.00, 4
514.00, 4
515.00, 4
516.00, 4
517.00, 4
518.00, 4
519.00, 4
520.00, 4
521.00, 4
522.00, 4
523.00, 4
524.00, 4
525.00, 4
526.00, 4
527.00, 4
528.00, 4
529.00, 4
530.00, 4
531.00, 4
532.00, 4
533.00, 4
534.00, 4
535.00, 4
536.00, 4
537.00, 4
538.00, 4
539.00, 4
540.00, 4
541.00, 1
542.00, 1
543.00, 1
544.00, 1
545.00, 1
546.00, 1
547.00, 1
548.00, 1
549.00, 1
550.00, 1
551.00, 1
552.00, 1
553.00, 1
554.00, 1
555.00, 1
556.00, 1
557.00, 1
558.00, 1
559.00, 1
560.00, 8
561.00, 8
562.00, 8
563.00, 8
564.00, 8
565.00, 8
566.00, 8
567.00, 8
568.00, 8
569.00, 8
570.00, 8
571.00, 8
572.00, 8
573.00, 8
574.00, 8
575.00, 8
576.00, 8
577.00, 8
578.00, 8
579.00, 8
580.00, 8
581.00, 8
582.00, 8
583.00, 8
584.00, 8
585.00, 8
586.00, 8
587.00, 8
588.00, 8
589.00, 8
590.00, 8
591.00, 8
592.00, 8
593.00, 8
594.00, 8
595.00, 8
596.00, 8
597.00, 8
598.00, 8
599.00, 8
600.00, 8
601.00, 8
602.00, 8
603.00, 8
604.00, 8
605.00, 4
606.00, 4
607.00, 4
608.00, 4
609.00, 4
610.00, 4
611.00, 4
612.00, 4
613.00, 4
614.00, 4
615.00, 4
616.00, 4
617.00, 4
618.00, 4
619.00, 4
620.00, 4
621.00, 4
622.00, 8
623.00, 1
624.00, 1
625.00, 1
626.00, 1
627.00, 1
628.00, 1
629.00, 1
630.00, 1
631.00, 1
632.00, 8
633.00, 8
634.00, 8
635.00, 8
636.00, 8
637.00, 8
638.00, 8
639.00, 8
640.00, 8
641.00, 8
642.00, 8
643.00, 8
644.00, 8
645.00, 8
646.00, 8
647.00, 8
648.00, 8
649.00, 8
650.00, 8
651.00, 8
652.00, 8
653.00, 8
654.00, 8
655.00, 8
656.00, 8
657.00, 8
658.00, 8
659.00, 8
660.00, 8
661.00, 8
662.00, 8
663.00, 8
664.00, 8
665.00, 8
666.00, 8
667.00, 8
668.00, 8
669.00, 8
670.00, 8
671.00, 8
672.00, 8
673.00, 8
674.00, 8
675.00, 8
676.00, 8
677.00, 8
678.00, 8
679.00, 8
680.00, 8
681.00, 8
682.00, 8
683.00, 8
684.00, 8
685.00, 8
686.00, 8
687.00, 8
688.00, 8
689.00, 8
690.00, 8
691.00, 8
692.00, 8
693.00, 8
694.00, 8
695.00, 8
696.00, 8
697.00, 8
698.00, 8
699.00, 8
700.00, 8
701.00, 8
702.00, 8
703.00, 8
704.00, 8
705.00, 8
706.00, 8
707.00, 1
708.00, 1
709.00, 1
710.00, 1
711.00, 1
712.00, 1
713.00, 1
714.00, 1
715.00, 1
716.00, 1
717.00, 1
718.00, 1
719.00, 1
720.00, 1
721.00, 1
722.00, 1
723.00, 1
724.00, 1
725.00, 1
726.00, 1
727.00, 1
728.00, 1
729.00, 1
730.00, 1
731.00, 1
732.00, 1
733.00, 4
734.00, 4
735.00, 4
736.00, 4
737.00, 4
738.00, 4
739.00, 4
740.00, 4
741.00, 4
742.00, 4
743.00, 4
744.00, 4
745.00, 4
746.00, 4
747.00, 4
748.00, 4
749.00, 4
750.00, 4
751.00, 4
752.00, 4
753.00, 4
754.00, 4
755.00, 4
756.00, 4
757.00, 4
758.00, 4
759.00, 4
760.00, 4
761.00, 4
762.00, 4
763.00, 4
764.00, 4
765.00, 4
766.00, 4
767.00, 4
768.00, 4
769.00, 4
770.00, 4
771.00, 4
772.00, 4
773.00, 4
774.00, 4
775.00, 4
776.00, 4
777.00, 4
778.00, 4
779.00, 4
780.00, 2
781.00, 2
782.00, 2
783.00, 2
784.00, 2
785.00, 2
786.00, 2
787.00, 2
788.00, 2
789.00, 2
790.00, 2
791.00, 2
792.00, 2
793.00, 2
794.00, 2
795.00, 2
796.00, 2
797.00, 2
798.00, 2
799.00, 2
800.00, 2
801.00, 2
802.00, 2
803.00, 2
804.00, 2
805.00, 2
806.00, 2
807.00, 2
808.00, 2
809.00, 2
810.00, 2
811.00, 2
812.00, 2
813.00, 2
814.00, 2
815.00, 2
816.00, 2
817.00, 2
818.00, 2
819.00, 2
820.00, 2
821.00, 2
822.00, 2
823.00, 2
824.00, 2
825.00, 2
826.00, 2
827.00, 2
828.00, 2
829.00, 2
830.00, 2
831.00, 2
832.00, 2
833.00, 2
834.00, 2
835.00, 2
836.00, 2
837.00, 2
838.00, 2
839.00, 2
840.00, 2
841.00, 2
842.00, 2
843.00, 2
844.00, 2
845.00, 2
846.00, 2
847.00, 2
848.00, 2
849.00, 2
850.00, 0
851.00, 0
852.00, 0
853.00, 0
854.00, 0
855.00, 0
856.00, 0
857.00, 0
858.00, 0
859.00, 0
860.00, 0
861.00, 0
862.00, 0
863.00, 0
864.00, 0
865.00, 0
866.00, 0
867.00, 0
868.00, 0
869.00, 0
870.00, 0
871.00, 0
872.00, 0
873.00, 0
874.00, 0
875.00, 0
876.00, 0
877.00, 0
878.00, 0
879.00, 0
880.00, 0
881.00, 0
882.00, 0
883.00, 0
884.00, 0
885.00, 0
886.00, 0
887.00, 0
888.00, 0
889.00, 0
890.00, 0
891.00, 0
892.00, 0
893.00, 0
894.00, 0
895.00, 0
896.00, 0
897.00, 0
898.00, 0
899.00, 0
900.00, 0
901.00, 0
902.00, 0
903.00, 0
904.00, 0
905.00, 0
906.00, 0
907.00, 0
908.00, 0
909.00, 0
910.00, 0
911.00, 0
912.00, 0
913.00, 0
914.00, 0
915.00, 0
916.00, 0
917.00, 0
918.00, 0
919.00, 0
920.00, 0
921.00, 0
922.00, 0
923.00, 0
924.00, 0
925.00, 0
926.00, 0
927.00, 0
928.00, 0
929.00, 0
930.00, 0
931.00, 0
932.00, 0
933.00, 0
934.00, 0
935.00, 0
936.00, 0
937.00, 0
938.00, 0
939.00, 0
940.00, 0
941.00, 0
942.00, 0
943.00, 0
944.00, 0
945.00, 0
946.00, 0
947.00, 0
948.00, 0
949.00, 0
950.00, 0
951.00, 0
952.00, 0
953.00, 0
954.00, 0
955.00, 0
956.00, 0
957.00, 0
958.00, 0
959.00, 0
960.00, 0
961.00, 0
962.00, 0
963.00, 0
964.00, 0
965.00, 0
966.00, 0
967.00, 0
968.00, 0
969.00, 0
970.00, 0
971.00, 0
972.00, 0
973.00, 0
974.00, 0
975.00, 0
976.00, 0
977.00, 0
978.00, 0
979.00, 0
980.00, 0
981.00, 0
982.00, 0
983.00, 0
984.00, 0
985.00, 0
986.00, 0
987.00, 0
988.00, 0
989.00, 0
990.00, 0
991.00, 0
992.00, 0
993.00, 0
994.00, 0
995.00, 0
996.00, 0
997.00, 0
998.00, 0
999.00, 0