1.00, 4
2.00, 4
3.00, 4
4.00, 4
5.00, 4
6.00, 4
7.00, 4
8.00, 4
9.00, 4
10.00, 4
11.00, 4
12.00, 4
13.00, 4
14.00, 4
15.00, 4
16.00, 4
17.00, 4
18.00, 4
19.00, 4
20.00, 4
21.00, 4
22.00, 4
23.00, 4
24.00, 4
25.00, 4
26.00, 4
27.00, 4
28.00, 4
29.00, 4
30.00, 4
31.00, 4
32.00, 4
33.00, 4
34.00, 4
35.00, 4
36.00, 4
37.00, 4
38.00, 4
39.00, 4
40.00, 4
41.00, 4
42.00, 4
43.00, 4
44.00, 4
45.00, 4
46.00, 4
47.00, 4
48.00, 4
49.00, 4
50.00, 4
51.00, 4
52.00, 4
53.00, 4
54.00, 0
55.00, 1
56.00, 1
57.00, 1
58.00, 1
59.00, 1
60.00, 1
61.00, 1
62.00, 1
63.00, 1
64.00, 1
65.00, 1
66.00, 1
67.00, 1
68.00, 1
69.00, 1
70.00, 1
71.00, 1
72.00, 1
73.00, 1
74.00, 1
75.00, 1
76.00, 1
77.00, 1
78.00, 1
79.00, 1
80.00, 1
81.00, 1
82.00, 1
83.00, 1
84.00, 1
85.00, 1
86.00, 1
87.00, 1
88.00, 1
89.00, 1
90.00, 1
91.00, 1
92.00, 1
93.00, 1
94.00, 1
95.00, 1
96.00, 1
97.00, 1
98.00, 1
99.00, 1
100.00, 1
101.00, 1
102.00, 1
103.00, 1
104.00, 1
105.00, 1
106.00, 1
107.00, 1
108.00, 1
109.00, 1
110.00, 1
111.00, 1
112.00, 1
113.00, 1
114.00, 1
115.00, 1
116.00, 1
117.00, 1
118.00, 1
119.00, 1
120.00, 1
121.00, 1
122.00, 1
123.00, 1
124.00, 1
125.00, 1
126.00, 1
127.00, 1
128.00, 1
129.00, 1
130.00, 1
131.00, 1
132.00, 1
133.00, 1
134.00, 1
135.00, 1
136.00, 1
137.00, 1
138.00, 1
139.00, 1
140.00, 1
141.00, 1
142.00, 1
143.00, 1
144.00, 1
145.00, 1
146.00, 1
147.00, 1
148.00, 1
149.00, 1
150.00, 1
151.00, 1
152.00, 1
153.00, 1
154.00, 1
155.00, 1
156.00, 1
157.00, 1
158.00, 1
159.00, 7
160.00, 7
161.00, 7
162.00, 7
163.00, 7
164.00, 7
165.00, 7
166.00, 7
167.00, 7
168.00, 7
169.00, 7
170.00, 7
171.00, 7
172.00, 7
173.00, 7
174.00, 7
175.00, 7
176.00, 7
177.00, 7
178.00, 7
179.00, 7
180.00, 7
181.00, 7
182.00, 7
183.00, 7
184.00, 7
185.00, 7
186.00, 7
187.00, 7
188.00, 7
189.00, 7
190.00, 7
191.00, 7
192.00, 7
193.00, 7
194.00, 7
195.00, 7
196.00, 7
197.00, 7
198.00, 7
199.00, 7
200.00, 7
201.00, 7
202.00, 7
203.00, 7
204.00, 7
205.00, 7
206.00, 7
207.00, 7
208.00, 7
209.00, 7
210.00, 7
211.00, 7
212.00, 7
213.00, 7
214.00, 7
215.00, 7
216.00, 7
217.00, 7
218.00, 7
219.00, 7
220.00, 7
221.00, 7
222.00, 7
223.00, 7
224.00, 7
225.00, 7
226.00, 7
227.00, 7
228.00, 7
229.00, 7
230.00, 7
231.00, 7
232.00, 7
233.00, 7
234.00, 7
235.00, 7
236.00, 7
237.00, 7
238.00, 7
239.00, 7
240.00, 7
241.00, 7
242.00, 7
243.00, 7
244.00, 7
245.00, 7
246.00, 7
247.00, 7
248.00, 7
249.00, 7
250.00, 7
251.00, 7
252.00, 7
253.00, 7
254.00, 7
255.00, 7
256.00, 7
257.00, 6
258.00, 6
259.00, 6
260.00, 6
261.00, 6
262.00, 6
263.00, 6
264.00, 6
265.00, 6
266.00, 6
267.00, 6
268.00, 6
269.00, 6
270.00, 6
271.00, 6
272.00, 6
273.00, 6
274.00, 6
275.00, 6
276.00, 6
277.00, 6
278.00, 6
279.00, 6
280.00, 6
281.00, 6
282.00, 6
283.00, 6
284.00, 6
285.00, 6
286.00, 6
287.00, 6
288.00, 6
289.00, 6
290.00, 6
291.00, 6
292.00, 6
293.00, 6
294.00, 6
295.00, 7
296.00, 7
297.00, 7
298.00, 7
299.00, 7
300.00, 7
301.00, 7
302.00, 7
303.00, 7
304.00, 7
305.00, 7
306.00, 7
307.00, 7
308.00, 7
309.00, 7
310.00, 7
311.00, 7
312.00, 7
313.00, 7
314.00, 7
315.00, 7
316.00, 7
317.00, 7
318.00, 7
319.00, 7
320.00, 7
321.00, 7
322.00, 7
323.00, 7
324.00, 7
325.00, 7
326.00, 7
327.00, 7
328.00, 7
329.00, 7
330.00, 7
331.00, 7
332.00, 7
333.00, 7
334.00, 7
335.00, 7
336.00, 7
337.00, 7
338.00, 7
339.00, 7
340.00, 7
341.00, 7
342.00, 7
343.00, 7
344.00, 7
345.00, 7
346.00, 7
347.00, 7
348.00, 1
349.00, 1
350.00, 1
351.00, 1
352.00, 1
353.00, 1
354.00, 1
355.00, 1
356.00, 1
357.00, 1
358.00, 1
359.00, 7
360.00, 7
361.00, 7
362.00, 7
363.00, 7
364.00, 7
365.00, 7
366.00, 7
367.00, 7
368.00, 7
369.00, 7
370.00, 7
371.00, 7
372.00, 7
373.00, 7
374.00, 7
375.00, 7
376.00, 7
377.00, 7
378.00, 7
379.00, 7
380.00, 7
381.00, 7
382.00, 7
383.00, 7
384.00, 7
385.00, 7
386.00, 7
387.00, 7
388.00, 7
389.00, 7
390.00, 7
391.00, 7
392.00, 7
393.00, 7
394.00, 7
395.00, 7
396.00, 7
397.00, 7
398.00, 7
399.00, 7
400.00, 7
401.00, 7
402.00, 7
403.00, 7
404.00, 7
405.00, 7
406.00, 7
407.00, 7
408.00, 7
409.00, 7
410.00, 7
411.00, 7
412.00, 7
413.00, 7
414.00, 7
415.00, 7
416.00, 7
417.00, 7
418.00, 7
419.00, 7
420.00, 7
421.00, 7
422.00, 7
423.00, 7
424.00, 7
425.00, 7
426.00, 7
427.00, 7
428.00, 7
429.00, 7
430.00, 7
431.00, 7
432.00, 7
433.00, 7
434.00, 7
435.00, 7
436.00, 7
437.00, 7
438.00, 7
439.00, 7
440.00, 7
441.00, 7
442.00, 7
443.00, 7
444.00, 7
445.00, 7
446.00, 7
447.00, 7
448.00, 7
449.00, 7
450.00, 7
451.00, 7
452.00, 7
453.00, 7
454.00, 1
455.00, 1
456.00, 1
457.00, 1
458.00, 1
459.00, 1
460.00, 1
461.00, 1
462.00, 1
463.00, 1
464.00, 1
465.00, 1
466.00, 1
467.00, 1
468.00, 1
469.00, 1
470.00, 1
471.00, 1
472.00, 1
473.00, 4
474.00, 4
475.00, 4
476.00, 4
477.00, 4
478.00, 4
479.00, 4
480.00, 4
481.00, 4
482.00, 4
483.00, 4
484.00, 4
485.00, 4
486.00, 4
487.00, 4
488.00, 4
489.00, 4
490.00, 4
491.00, 4
492.00, 4
493.00, 4
494.00, 4
495.00, 4
496.00, 4
497.00, 4
498.00, 2
499.00, 2
500.00, 2
501.00, 2
502.00, 2
503.00, 2
504.00, 2
505.00, 2
506.00, 2
507.00, 2
508.00, 2
509.00, 2
510.00, 2
511.00, 2
512.00, 2
513.00, 2
514.00, 2
515.00, 2
516.00, 2
517.00, 2
518.00, 2
519.00, 2
520.00, 2
521.00, 2
522.00, 2
523.00, 2
524.00, 2
525.00, 2
526.00, 2
527.00, 2
528.00, 2
529.00, 2
530.00, 2
531.00, 2
532.00, 2
533.00, 2
534.00, 2
535.00, 2
536.00, 2
537.00, 2
538.00, 2
539.00, 2
540.00, 2
541.00, 2
542.00, 2
543.00, 2
544.00, 2
545.00, 2
546.00, 2
547.00, 5
548.00, 0
549.00, 0
550.00, 0
551.00, 0
552.00, 0
553.00, 0
554.00, 0
555.00, 0
556.00, 0
557.00, 0
558.00, 0
559.00, 0
560.00, 0
561.00, 0
562.00, 0
563.00, 0
564.00, 0
565.00, 0
566.00, 0
567.00, 0
568.00, 0
569.00, 0
570.00, 0
571.00, 0
572.00, 0
573.00, 0
574.00, 0
575.00, 0
576.00, 0
577.00, 0
578.00, 0
579.00, 2
580.00, 2
581.00, 2
582.00, 2
583.00, 2
584.00, 2
585.00, 2
586.00, 2
587.00, 2
588.00, 2
589.00, 2
590.00, 2
591.00, 2
592.00, 2
593.00, 2
594.00, 2
595.00, 2
596.00, 2
597.00, 2
598.00, 2
599.00, 2
600.00, 2
601.00, 2
602.00, 2
603.00, 2
604.00, 2
605.00, 2
606.00, 2
607.00, 2
608.00, 2
609.00, 2
610.00, 2
611.00, 2
612.00, 2
613.00, 2
614.00, 2
615.00, 4
616.00, 4
617.00, 4
618.00, 4
619.00, 4
620.00, 4
621.00, 4
622.00, 4
623.00, 4
624.00, 4
625.00, 4
626.00, 4
627.00, 4
628.00, 4
629.00, 4
630.00, 4
631.00, 4
632.00, 4
633.00, 4
634.00, 4
635.00, 4
636.00, 4
637.00, 4
638.00, 4
639.00, 4
640.00, 4
641.00, 4
642.00, 4
643.00, 4
644.00, 4
645.00, 4
646.00, 4
647.00, 4
648.00, 4
649.00, 4
650.00, 4
651.00, 4
652.00, 1
653.00, 1
654.00, 1
655.00, 1
656.00, 1
657.00, 1
658.00, 1
659.00, 1
660.00, 1
661.00, 1
662.00, 1
663.00, 1
664.00, 1
665.00, 1
666.00, 1
667.00, 1
668.00, 1
669.00, 1
670.00, 1
671.00, 1
672.00, 1
673.00, 1
674.00, 1
675.00, 1
676.00, 1
677.00, 1
678.00, 1
679.00, 1
680.00, 8
681.00, 8
682.00, 8
683.00, 8
684.00, 8
685.00, 8
686.00, 8
687.00, 8
688.00, 8
689.00, 8
690.00, 8
691.00, 8
692.00, 8
693.00, 8
694.00, 8
695.00, 8
696.00, 8
697.00, 8
698.00, 8
699.00, 8
700.00, 8
701.00, 8
702.00, 8
703.00, 8
704.00, 8
705.00, 8
706.00, 8
707.00, 8
708.00, 8
709.00, 8
710.00, 8
711.00, 8
712.00, 8
713.00, 8
714.00, 8
715.00, 8
716.00, 8
717.00, 8
718.00, 8
719.00, 8
720.00, 8
721.00, 8
722.00, 8
723.00, 8
724.00, 8
725.00, 8
726.00, 8
727.00, 8
728.00, 8
729.00, 8
730.00, 8
731.00, 8
732.00, 8
733.00, 8
734.00, 8
735.00, 8
736.00, 8
737.00, 8
738.00, 8
739.00, 8
740.00, 8
741.00, 8
742.00, 8
743.00, 8
744.00, 8
745.00, 8
746.00, 8
747.00, 8
748.00, 3
749.00, 3
750.00, 3
751.00, 3
752.00, 3
753.00, 3
754.00, 3
755.00, 3
756.00, 3
757.00, 3
758.00, 4
759.00, 4
760.00, 4
761.00, 4
762.00, 4
763.00, 4
764.00, 4
765.00, 4
766.00, 4
767.00, 4
768.00, 4
769.00, 8
770.00, 8
771.00, 8
772.00, 8
773.00, 8
774.00, 8
775.00, 8
776.00, 8
777.00, 8
778.00, 8
779.00, 8
780.00, 8
781.00, 8
782.00, 8
783.00, 8
784.00, 8
785.00, 8
786.00, 8
787.00, 8
788.00, 8
789.00, 8
790.00, 8
791.00, 8
792.00, 8
793.00, 8
794.00, 8
795.00, 8
796.00, 8
797.00, 8
798.00, 8
799.00, 8
800.00, 8
801.00, 8
802.00, 8
803.00, 8
804.00, 8
805.00, 8
806.00, 8
807.00, 3
808.00, 3
809.00, 3
810.00, 3
811.00, 3
812.00, 3
813.00, 3
814.00, 3
815.00, 3
816.00, 3
817.00, 3
818.00, 3
819.00, 3
820.00, 3
821.00, 3
822.00, 3
823.00, 3
824.00, 3
825.00, 3
826.00, 3
827.00, 3
828.00, 3
829.00, 3
830.00, 3
831.00, 3
832.00, 3
833.00, 3
834.00, 3
835.00, 3
836.00, 3
837.00, 3
838.00, 3
839.00, 3
840.00, 3
841.00, 3
842.00, 3
843.00, 3
844.00, 3
845.00, 3
846.00, 3
847.00, 3
848.00, 3
849.00, 3
850.00, 3
851.00, 3
852.00, 3
853.00, 3
854.00, 3
855.00, 3
856.00, 3
857.00, 3
858.00, 3
859.00, 3
860.00, 3
861.00, 3
862.00, 3
863.00, 3
864.00, 3
865.00, 3
866.00, 3
867.00, 3
868.00, 3
869.00, 3
870.00, 3
871.00, 3
872.00, 3
873.00, 3
874.00, 3
875.00, 3
876.00, 3
877.00, 3
878.00, 3
879.00, 3
880.00, 3
881.00, 3
882.00, 3
883.00, 3
884.00, 3
885.00, 3
886.00, 3
887.00, 3
888.00, 3
889.00, 3
890.00, 3
891.00, 4
892.00, 4
893.00, 4
894.00, 4
895.00, 4
896.00, 4
897.00, 4
898.00, 4
899.00, 4
900.00, 4
901.00, 4
902.00, 4
903.00, 4
904.00, 4
905.00, 4
906.00, 4
907.00, 4
908.00, 4
909.00, 4
910.00, 4
911.00, 4
912.00, 4
913.00, 2
914.00, 2
915.00, 2
916.00, 2
917.00, 2
918.00, 2
919.00, 2
920.00, 2
921.00, 2
922.00, 2
923.00, 2
924.00, 2
925.00, 2
926.00, 2
927.00, 2
928.00, 2
929.00, 2
930.00, 2
931.00, 2
932.00, 2
933.00, 2
934.00, 2
935.00, 2
936.00, 2
937.00, 2
938.00, 2
939.00, 2
940.00, 2
941.00, 2
942.00, 2
943.00, 2
944.00, 2
945.00, 2
946.00, 2
947.00, 2
948.00, 2
949.00, 2
950.00, 2
951.00, 2
952.00, 2
953.00, 2
954.00, 2
955.00, 2
956.00, 2
957.00, 0
958.00, 0
959.00, 0
960.00, 0
961.00, 0
962.00, 0
963.00, 0
964.00, 0
965.00, 0
966.00, 0
967.00, 0
968.00, 0
969.00, 0
970.00, 0
971.00, 0
972.00, 0
973.00, 0
974.00, 0
975.00, 0
976.00, 0
977.00, 0
978.00, 0
979.00, 0
980.00, 0
981.00, 0
982.00, 0
983.00, 0
984.00, 0
985.00, 0
986.00, 0
987.00, 0
988.00, 0
989.00, 0
990.00, 0
991.00, 0
992.00, 0
993.00, 0
994.00, 0
995.00, 7
996.00, 6
997.00, 6
998.00, 6
999.00, 6