0.00, 7
1.00, 7
2.00, 7
3.00, 7
4.00, 7
5.00, 7
6.00, 7
7.00, 7
8.00, 7
9.00, 7
10.00, 7
11.00, 7
12.00, 7
13.00, 7
14.00, 7
15.00, 7
16.00, 7
17.00, 7
18.00, 7
19.00, 7
20.00, 7
21.00, 7
22.00, 7
23.00, 7
24.00, 7
25.00, 7
26.00, 7
27.00, 7
28.00, 7
29.00, 7
30.00, 7
31.00, 7
32.00, 7
33.00, 7
34.00, 7
35.00, 7
36.00, 7
37.00, 7
38.00, 7
39.00, 7
40.00, 7
41.00, 7
42.00, 7
43.00, 7
44.00, 7
45.00, 7
46.00, 7
47.00, 7
48.00, 7
49.00, 7
50.00, 7
51.00, 7
52.00, 7
53.00, 7
54.00, 7
55.00, 7
56.00, 7
57.00, 7
58.00, 7
59.00, 7
60.00, 7
61.00, 7
62.00, 7
63.00, 7
64.00, 7
65.00, 7
66.00, 7
67.00, 7
68.00, 7
69.00, 7
70.00, 7
71.00, 7
72.00, 7
73.00, 7
74.00, 7
75.00, 7
76.00, 7
77.00, 7
78.00, 7
79.00, 7
80.00, 7
81.00, 7
82.00, 7
83.00, 7
84.00, 7
85.00, 7
86.00, 7
87.00, 7
88.00, 7
89.00, 7
90.00, 7
91.00, 7
92.00, 7
93.00, 7
94.00, 7
95.00, 7
96.00, 7
97.00, 7
98.00, 7
99.00, 7
100.00, 7
101.00, 7
102.00, 7
103.00, 7
104.00, 7
105.00, 7
106.00, 7
107.00, 7
108.00, 7
109.00, 7
110.00, 7
111.00, 7
112.00, 7
113.00, 7
114.00, 7
115.00, 7
116.00, 7
117.00, 7
118.00, 7
119.00, 7
120.00, 7
121.00, 7
122.00, 7
123.00, 7
124.00, 7
125.00, 7
126.00, 7
127.00, 7
128.00, 7
129.00, 7
130.00, 7
131.00, 7
132.00, 7
133.00, 7
134.00, 7
135.00, 7
136.00, 7
137.00, 7
138.00, 7
139.00, 7
140.00, 7
141.00, 7
142.00, 7
143.00, 7
144.00, 7
145.00, 1
146.00, 1
147.00, 1
148.00, 1
149.00, 1
150.00, 1
151.00, 1
152.00, 1
153.00, 1
154.00, 1
155.00, 1
156.00, 1
157.00, 1
158.00, 1
159.00, 1
160.00, 1
161.00, 1
162.00, 1
163.00, 1
164.00, 1
165.00, 1
166.00, 1
167.00, 1
168.00, 1
169.00, 1
170.00, 1
171.00, 1
172.00, 1
173.00, 1
174.00, 1
175.00, 1
176.00, 1
177.00, 1
178.00, 1
179.00, 1
180.00, 1
181.00, 1
182.00, 1
183.00, 1
184.00, 1
185.00, 1
186.00, 1
187.00, 1
188.00, 1
189.00, 1
190.00, 1
191.00, 1
192.00, 1
193.00, 1
194.00, 1
195.00, 1
196.00, 1
197.00, 1
198.00, 1
199.00, 1
200.00, 1
201.00, 1
202.00, 1
203.00, 1
204.00, 1
205.00, 1
206.00, 1
207.00, 1
208.00, 1
209.00, 1
210.00, 1
211.00, 1
212.00, 1
213.00, 1
214.00, 1
215.00, 1
216.00, 1
217.00, 1
218.00, 1
219.00, 1
220.00, 1
221.00, 1
222.00, 1
223.00, 1
224.00, 1
225.00, 1
226.00, 1
227.00, 1
228.00, 1
229.00, 1
230.00, 1
231.00, 1
232.00, 1
233.00, 1
234.00, 1
235.00, 1
236.00, 1
237.00, 1
238.00, 1
239.00, 1
240.00, 1
241.00, 1
242.00, 1
243.00, 1
244.00, 1
245.00, 1
246.00, 1
247.00, 1
248.00, 1
249.00, 1
250.00, 1
251.00, 1
252.00, 1
253.00, 1
254.00, 1
255.00, 1
256.00, 1
257.00, 1
258.00, 1
259.00, 1
260.00, 1
261.00, 1
262.00, 1
263.00, 1
264.00, 1
265.00, 1
266.00, 1
267.00, 1
268.00, 8
269.00, 8
270.00, 8
271.00, 8
272.00, 8
273.00, 8
274.00, 8
275.00, 8
276.00, 8
277.00, 8
278.00, 1
279.00, 1
280.00, 1
281.00, 1
282.00, 1
283.00, 1
284.00, 1
285.00, 1
286.00, 1
287.00, 1
288.00, 1
289.00, 1
290.00, 1
291.00, 1
292.00, 1
293.00, 1
294.00, 1
295.00, 1
296.00, 1
297.00, 1
298.00, 1
299.00, 1
300.00, 1
301.00, 1
302.00, 1
303.00, 1
304.00, 1
305.00, 1
306.00, 1
307.00, 1
308.00, 1
309.00, 1
310.00, 1
311.00, 1
312.00, 8
313.00, 8
314.00, 8
315.00, 8
316.00, 8
317.00, 8
318.00, 8
319.00, 8
320.00, 8
321.00, 8
322.00, 8
323.00, 8
324.00, 8
325.00, 8
326.00, 8
327.00, 8
328.00, 8
329.00, 8
330.00, 8
331.00, 8
332.00, 8
333.00, 8
334.00, 8
335.00, 8
336.00, 8
337.00, 8
338.00, 8
339.00, 8
340.00, 8
341.00, 8
342.00, 8
343.00, 8
344.00, 8
345.00, 8
346.00, 8
347.00, 8
348.00, 8
349.00, 8
350.00, 8
351.00, 8
352.00, 8
353.00, 8
354.00, 8
355.00, 8
356.00, 8
357.00, 8
358.00, 8
359.00, 8
360.00, 8
361.00, 8
362.00, 8
363.00, 8
364.00, 8
365.00, 8
366.00, 8
367.00, 8
368.00, 8
369.00, 8
370.00, 8
371.00, 8
372.00, 8
373.00, 8
374.00, 8
375.00, 8
376.00, 8
377.00, 8
378.00, 8
379.00, 8
380.00, 8
381.00, 8
382.00, 8
383.00, 8
384.00, 8
385.00, 8
386.00, 8
387.00, 8
388.00, 8
389.00, 8
390.00, 8
391.00, 8
392.00, 8
393.00, 8
394.00, 8
395.00, 8
396.00, 8
397.00, 8
398.00, 8
399.00, 8
400.00, 8
401.00, 8
402.00, 8
403.00, 8
404.00, 4
405.00, 4
406.00, 4
407.00, 4
408.00, 4
409.00, 4
410.00, 4
411.00, 4
412.00, 4
413.00, 4
414.00, 1
415.00, 1
416.00, 1
417.00, 1
418.00, 1
419.00, 1
420.00, 1
421.00, 1
422.00, 1
423.00, 1
424.00, 1
425.00, 1
426.00, 1
427.00, 1
428.00, 1
429.00, 1
430.00, 1
431.00, 1
432.00, 1
433.00, 1
434.00, 1
435.00, 1
436.00, 1
437.00, 1
438.00, 1
439.00, 1
440.00, 1
441.00, 1
442.00, 1
443.00, 1
444.00, 1
445.00, 1
446.00, 1
447.00, 1
448.00, 1
449.00, 1
450.00, 1
451.00, 1
452.00, 1
453.00, 1
454.00, 1
455.00, 1
456.00, 1
457.00, 1
458.00, 1
459.00, 1
460.00, 1
461.00, 1
462.00, 1
463.00, 1
464.00, 1
465.00, 1
466.00, 1
467.00, 7
468.00, 7
469.00, 7
470.00, 7
471.00, 7
472.00, 7
473.00, 7
474.00, 7
475.00, 7
476.00, 6
477.00, 6
478.00, 6
479.00, 6
480.00, 6
481.00, 6
482.00, 6
483.00, 6
484.00, 6
485.00, 6
486.00, 6
487.00, 6
488.00, 6
489.00, 6
490.00, 6
491.00, 6
492.00, 6
493.00, 6
494.00, 6
495.00, 6
496.00, 6
497.00, 6
498.00, 6
499.00, 6
500.00, 6
501.00, 2
502.00, 2
503.00, 2
504.00, 2
505.00, 2
506.00, 2
507.00, 2
508.00, 2
509.00, 2
510.00, 2
511.00, 2
512.00, 2
513.00, 2
514.00, 2
515.00, 2
516.00, 2
517.00, 2
518.00, 2
519.00, 2
520.00, 2
521.00, 2
522.00, 2
523.00, 2
524.00, 2
525.00, 2
526.00, 2
527.00, 2
528.00, 2
529.00, 2
530.00, 2
531.00, 2
532.00, 2
533.00, 5
534.00, 5
535.00, 5
536.00, 5
537.00, 5
538.00, 5
539.00, 5
540.00, 5
541.00, 5
542.00, 5
543.00, 5
544.00, 5
545.00, 5
546.00, 5
547.00, 5
548.00, 5
549.00, 5
550.00, 5
551.00, 5
552.00, 5
553.00, 5
554.00, 5
555.00, 5
556.00, 5
557.00, 5
558.00, 5
559.00, 5
560.00, 5
561.00, 5
562.00, 5
563.00, 5
564.00, 5
565.00, 5
566.00, 5
567.00, 5
568.00, 5
569.00, 5
570.00, 5
571.00, 5
572.00, 5
573.00, 5
574.00, 5
575.00, 5
576.00, 5
577.00, 5
578.00, 5
579.00, 5
580.00, 5
581.00, 5
582.00, 5
583.00, 5
584.00, 5
585.00, 5
586.00, 5
587.00, 5
588.00, 5
589.00, 5
590.00, 5
591.00, 5
592.00, 5
593.00, 5
594.00, 5
595.00, 5
596.00, 5
597.00, 5
598.00, 3
599.00, 3
600.00, 3
601.00, 3
602.00, 3
603.00, 3
604.00, 3
605.00, 3
606.00, 3
607.00, 3
608.00, 3
609.00, 5
610.00, 5
611.00, 5
612.00, 5
613.00, 5
614.00, 5
615.00, 5
616.00, 5
617.00, 5
618.00, 5
619.00, 5
620.00, 5
621.00, 5
622.00, 5
623.00, 5
624.00, 5
625.00, 5
626.00, 5
627.00, 5
628.00, 5
629.00, 5
630.00, 5
631.00, 5
632.00, 5
633.00, 5
634.00, 5
635.00, 5
636.00, 5
637.00, 5
638.00, 5
639.00, 5
640.00, 5
641.00, 5
642.00, 5
643.00, 5
644.00, 5
645.00, 5
646.00, 5
647.00, 5
648.00, 5
649.00, 5
650.00, 5
651.00, 5
652.00, 5
653.00, 5
654.00, 5
655.00, 5
656.00, 5
657.00, 5
658.00, 5
659.00, 5
660.00, 5
661.00, 5
662.00, 5
663.00, 5
664.00, 2
665.00, 2
666.00, 2
667.00, 2
668.00, 2
669.00, 2
670.00, 2
671.00, 2
672.00, 2
673.00, 2
674.00, 2
675.00, 2
676.00, 2
677.00, 2
678.00, 2
679.00, 2
680.00, 2
681.00, 2
682.00, 2
683.00, 2
684.00, 2
685.00, 2
686.00, 2
687.00, 2
688.00, 2
689.00, 2
690.00, 2
691.00, 2
692.00, 2
693.00, 2
694.00, 2
695.00, 2
696.00, 2
697.00, 2
698.00, 2
699.00, 2
700.00, 0
701.00, 0
702.00, 0
703.00, 0
704.00, 0
705.00, 0
706.00, 0
707.00, 0
708.00, 0
709.00, 0
710.00, 0
711.00, 0
712.00, 0
713.00, 0
714.00, 0
715.00, 0
716.00, 0
717.00, 0
718.00, 0
719.00, 0
720.00, 0
721.00, 0
722.00, 0
723.00, 0
724.00, 0
725.00, 0
726.00, 0
727.00, 0
728.00, 0
729.00, 0
730.00, 0
731.00, 0
732.00, 0
733.00, 0
734.00, 0
735.00, 0
736.00, 0
737.00, 0
738.00, 0
739.00, 0
740.00, 0
741.00, 0
742.00, 0
743.00, 0
744.00, 0
745.00, 0
746.00, 0
747.00, 0
748.00, 0
749.00, 0
750.00, 0
751.00, 0
752.00, 0
753.00, 0
754.00, 0
755.00, 0
756.00, 0
757.00, 0
758.00, 0
759.00, 0
760.00, 0
761.00, 0
762.00, 0
763.00, 0
764.00, 0
765.00, 0
766.00, 0
767.00, 0
768.00, 0
769.00, 0
770.00, 0
771.00, 0
772.00, 0
773.00, 0
774.00, 0
775.00, 0
776.00, 0
777.00, 0
778.00, 0
779.00, 0
780.00, 0
781.00, 0
782.00, 0
783.00, 0
784.00, 0
785.00, 0
786.00, 0
787.00, 0
788.00, 0
789.00, 0
790.00, 0
791.00, 0
792.00, 0
793.00, 0
794.00, 0
795.00, 0
796.00, 0
797.00, 0
798.00, 0
799.00, 0
800.00, 0
801.00, 0
802.00, 0
803.00, 0
804.00, 0
805.00, 0
806.00, 0
807.00, 0
808.00, 0
809.00, 0
810.00, 0
811.00, 0
812.00, 0
813.00, 0
814.00, 0
815.00, 0
816.00, 0
817.00, 0
818.00, 0
819.00, 0
820.00, 0
821.00, 0
822.00, 0
823.00, 0
824.00, 0
825.00, 0
826.00, 0
827.00, 0
828.00, 0
829.00, 0
830.00, 0
831.00, 0
832.00, 0
833.00, 0
834.00, 0
835.00, 0
836.00, 0
837.00, 0
838.00, 0
839.00, 0
840.00, 0
841.00, 0
842.00, 0
843.00, 0
844.00, 0
845.00, 0
846.00, 0
847.00, 0
848.00, 0
849.00, 0
850.00, 0
851.00, 0
852.00, 0
853.00, 0
854.00, 0
855.00, 0
856.00, 0
857.00, 0
858.00, 0
859.00, 0
860.00, 0
861.00, 0
862.00, 0
863.00, 0
864.00, 0
865.00, 0
866.00, 0
867.00, 0
868.00, 0
869.00, 0
870.00, 0
871.00, 0
872.00, 0
873.00, 0
874.00, 0
875.00, 0
876.00, 0
877.00, 0
878.00, 0
879.00, 0
880.00, 0
881.00, 0
882.00, 0
883.00, 0
884.00, 0
885.00, 2
886.00, 2
887.00, 2
888.00, 2
889.00, 2
890.00, 2
891.00, 2
892.00, 2
893.00, 2
894.00, 2
895.00, 2
896.00, 2
897.00, 2
898.00, 2
899.00, 2
900.00, 2
901.00, 2
902.00, 2
903.00, 2
904.00, 2
905.00, 2
906.00, 2
907.00, 2
908.00, 2
909.00, 2
910.00, 2
911.00, 2
912.00, 2
913.00, 2
914.00, 2
915.00, 2
916.00, 2
917.00, 2
918.00, 2
919.00, 2
920.00, 2
921.00, 2
922.00, 2
923.00, 2
924.00, 2
925.00, 2
926.00, 2
927.00, 2
928.00, 2
929.00, 2
930.00, 2
931.00, 2
932.00, 2
933.00, 2
934.00, 2
935.00, 2
936.00, 2
937.00, 2
938.00, 2
939.00, 2
940.00, 2
941.00, 2
942.00, 2
943.00, 2
944.00, 2
945.00, 2
946.00, 2
947.00, 2
948.00, 2
949.00, 2
950.00, 2
951.00, 2
952.00, 2
953.00, 2
954.00, 2
955.00, 2
956.00, 2
957.00, 2
958.00, 2
959.00, 2
960.00, 2
961.00, 2
962.00, 2
963.00, 2
964.00, 2
965.00, 2
966.00, 2
967.00, 2
968.00, 2
969.00, 2
970.00, 2
971.00, 2
972.00, 2
973.00, 5
974.00, 5
975.00, 5
976.00, 5
977.00, 5
978.00, 5
979.00, 5
980.00, 5
981.00, 5
982.00, 5
983.00, 5
984.00, 5
985.00, 5
986.00, 5
987.00, 5
988.00, 5
989.00, 5
990.00, 5
991.00, 5
992.00, 5
993.00, 5
994.00, 5
995.00, 5
996.00, 5
997.00, 5
998.00, 5
999.00, 5