0.00, 0
1.00, 0
2.00, 0
3.00, 0
4.00, 0
5.00, 0
6.00, 0
7.00, 0
8.00, 0
9.00, 0
10.00, 0
11.00, 0
12.00, 0
13.00, 0
14.00, 0
15.00, 0
16.00, 0
17.00, 0
18.00, 0
19.00, 0
20.00, 0
21.00, 0
22.00, 0
23.00, 0
24.00, 0
25.00, 0
26.00, 0
27.00, 0
28.00, 0
29.00, 0
30.00, 0
31.00, 0
32.00, 0
33.00, 0
34.00, 0
35.00, 0
36.00, 0
37.00, 0
38.00, 0
39.00, 0
40.00, 0
41.00, 0
42.00, 0
43.00, 0
44.00, 0
45.00, 0
46.00, 0
47.00, 0
48.00, 0
49.00, 0
50.00, 0
51.00, 0
52.00, 0
53.00, 0
54.00, 0
55.00, 0
56.00, 0
57.00, 4
58.00, 4
59.00, 4
60.00, 4
61.00, 4
62.00, 4
63.00, 4
64.00, 4
65.00, 4
66.00, 4
67.00, 4
68.00, 4
69.00, 4
70.00, 4
71.00, 4
72.00, 4
73.00, 4
74.00, 4
75.00, 4
76.00, 4
77.00, 4
78.00, 4
79.00, 4
80.00, 4
81.00, 4
82.00, 4
83.00, 4
84.00, 4
85.00, 4
86.00, 1
87.00, 1
88.00, 1
89.00, 1
90.00, 1
91.00, 1
92.00, 1
93.00, 1
94.00, 1
95.00, 1
96.00, 1
97.00, 1
98.00, 1
99.00, 1
100.00, 1
101.00, 1
102.00, 1
103.00, 1
104.00, 1
105.00, 1
106.00, 1
107.00, 1
108.00, 1
109.00, 1
110.00, 1
111.00, 1
112.00, 1
113.00, 1
114.00, 1
115.00, 1
116.00, 1
117.00, 1
118.00, 1
119.00, 1
120.00, 1
121.00, 1
122.00, 1
123.00, 1
124.00, 1
125.00, 1
126.00, 1
127.00, 1
128.00, 1
129.00, 1
130.00, 1
131.00, 1
132.00, 1
133.00, 1
134.00, 1
135.00, 1
136.00, 1
137.00, 1
138.00, 1
139.00, 1
140.00, 1
141.00, 1
142.00, 1
143.00, 1
144.00, 1
145.00, 1
146.00, 1
147.00, 1
148.00, 1
149.00, 1
150.00, 1
151.00, 7
152.00, 7
153.00, 7
154.00, 7
155.00, 7
156.00, 7
157.00, 7
158.00, 7
159.00, 7
160.00, 7
161.00, 7
162.00, 7
163.00, 7
164.00, 7
165.00, 7
166.00, 7
167.00, 7
168.00, 7
169.00, 7
170.00, 7
171.00, 7
172.00, 7
173.00, 7
174.00, 7
175.00, 7
176.00, 7
177.00, 7
178.00, 7
179.00, 7
180.00, 7
181.00, 7
182.00, 7
183.00, 7
184.00, 7
185.00, 7
186.00, 7
187.00, 7
188.00, 7
189.00, 7
190.00, 7
191.00, 7
192.00, 7
193.00, 7
194.00, 7
195.00, 7
196.00, 7
197.00, 7
198.00, 7
199.00, 7
200.00, 7
201.00, 7
202.00, 7
203.00, 7
204.00, 7
205.00, 7
206.00, 7
207.00, 7
208.00, 7
209.00, 7
210.00, 7
211.00, 7
212.00, 7
213.00, 7
214.00, 7
215.00, 7
216.00, 7
217.00, 7
218.00, 7
219.00, 7
220.00, 7
221.00, 7
222.00, 7
223.00, 7
224.00, 6
225.00, 6
226.00, 6
227.00, 6
228.00, 6
229.00, 6
230.00, 6
231.00, 6
232.00, 6
233.00, 6
234.00, 6
235.00, 6
236.00, 7
237.00, 7
238.00, 7
239.00, 7
240.00, 7
241.00, 7
242.00, 7
243.00, 7
244.00, 7
245.00, 7
246.00, 7
247.00, 7
248.00, 7
249.00, 7
250.00, 7
251.00, 7
252.00, 7
253.00, 7
254.00, 7
255.00, 7
256.00, 7
257.00, 7
258.00, 7
259.00, 7
260.00, 7
261.00, 7
262.00, 7
263.00, 7
264.00, 7
265.00, 7
266.00, 7
267.00, 7
268.00, 7
269.00, 7
270.00, 1
271.00, 1
272.00, 1
273.00, 1
274.00, 1
275.00, 1
276.00, 1
277.00, 1
278.00, 1
279.00, 1
280.00, 1
281.00, 1
282.00, 1
283.00, 1
284.00, 1
285.00, 1
286.00, 1
287.00, 1
288.00, 1
289.00, 1
290.00, 1
291.00, 1
292.00, 1
293.00, 4
294.00, 4
295.00, 4
296.00, 4
297.00, 4
298.00, 4
299.00, 4
300.00, 4
301.00, 4
302.00, 4
303.00, 4
304.00, 4
305.00, 4
306.00, 4
307.00, 4
308.00, 4
309.00, 4
310.00, 4
311.00, 4
312.00, 4
313.00, 4
314.00, 4
315.00, 4
316.00, 4
317.00, 4
318.00, 4
319.00, 4
320.00, 4
321.00, 4
322.00, 4
323.00, 4
324.00, 4
325.00, 4
326.00, 4
327.00, 4
328.00, 4
329.00, 4
330.00, 4
331.00, 4
332.00, 4
333.00, 4
334.00, 4
335.00, 4
336.00, 4
337.00, 4
338.00, 4
339.00, 4
340.00, 4
341.00, 4
342.00, 6
343.00, 6
344.00, 6
345.00, 6
346.00, 6
347.00, 6
348.00, 6
349.00, 6
350.00, 6
351.00, 6
352.00, 6
353.00, 6
354.00, 6
355.00, 6
356.00, 6
357.00, 6
358.00, 6
359.00, 6
360.00, 6
361.00, 6
362.00, 6
363.00, 6
364.00, 6
365.00, 6
366.00, 6
367.00, 6
368.00, 6
369.00, 6
370.00, 6
371.00, 6
372.00, 6
373.00, 6
374.00, 6
375.00, 6
376.00, 6
377.00, 6
378.00, 6
379.00, 6
380.00, 6
381.00, 6
382.00, 6
383.00, 6
384.00, 6
385.00, 6
386.00, 6
387.00, 6
388.00, 6
389.00, 6
390.00, 6
391.00, 6
392.00, 6
393.00, 6
394.00, 6
395.00, 6
396.00, 6
397.00, 6
398.00, 6
399.00, 6
400.00, 6
401.00, 6
402.00, 7
403.00, 7
404.00, 7
405.00, 7
406.00, 7
407.00, 7
408.00, 7
409.00, 7
410.00, 7
411.00, 7
412.00, 7
413.00, 7
414.00, 7
415.00, 7
416.00, 7
417.00, 7
418.00, 7
419.00, 7
420.00, 7
421.00, 7
422.00, 7
423.00, 7
424.00, 7
425.00, 7
426.00, 7
427.00, 7
428.00, 7
429.00, 7
430.00, 7
431.00, 7
432.00, 7
433.00, 7
434.00, 7
435.00, 7
436.00, 7
437.00, 7
438.00, 7
439.00, 7
440.00, 7
441.00, 7
442.00, 7
443.00, 7
444.00, 7
445.00, 7
446.00, 7
447.00, 7
448.00, 7
449.00, 7
450.00, 7
451.00, 7
452.00, 7
453.00, 7
454.00, 7
455.00, 7
456.00, 7
457.00, 7
458.00, 7
459.00, 7
460.00, 7
461.00, 7
462.00, 7
463.00, 7
464.00, 7
465.00, 7
466.00, 7
467.00, 7
468.00, 7
469.00, 7
470.00, 7
471.00, 7
472.00, 7
473.00, 7
474.00, 7
475.00, 7
476.00, 7
477.00, 7
478.00, 7
479.00, 7
480.00, 7
481.00, 7
482.00, 7
483.00, 7
484.00, 7
485.00, 7
486.00, 6
487.00, 6
488.00, 6
489.00, 6
490.00, 6
491.00, 6
492.00, 6
493.00, 6
494.00, 6
495.00, 6
496.00, 6
497.00, 6
498.00, 6
499.00, 6
500.00, 6
501.00, 6
502.00, 6
503.00, 6
504.00, 6
505.00, 6
506.00, 6
507.00, 6
508.00, 6
509.00, 6
510.00, 6
511.00, 6
512.00, 6
513.00, 6
514.00, 6
515.00, 6
516.00, 6
517.00, 6
518.00, 6
519.00, 6
520.00, 6
521.00, 6
522.00, 6
523.00, 6
524.00, 6
525.00, 6
526.00, 6
527.00, 6
528.00, 6
529.00, 6
530.00, 6
531.00, 6
532.00, 6
533.00, 6
534.00, 6
535.00, 6
536.00, 6
537.00, 6
538.00, 6
539.00, 6
540.00, 6
541.00, 6
542.00, 6
543.00, 6
544.00, 6
545.00, 6
546.00, 6
547.00, 6
548.00, 6
549.00, 6
550.00, 6
551.00, 6
552.00, 6
553.00, 6
554.00, 6
555.00, 6
556.00, 6
557.00, 6
558.00, 6
559.00, 6
560.00, 6
561.00, 6
562.00, 6
563.00, 6
564.00, 6
565.00, 6
566.00, 6
567.00, 6
568.00, 6
569.00, 6
570.00, 6
571.00, 6
572.00, 6
573.00, 6
574.00, 6
575.00, 6
576.00, 6
577.00, 6
578.00, 6
579.00, 6
580.00, 6
581.00, 6
582.00, 6
583.00, 6
584.00, 6
585.00, 6
586.00, 6
587.00, 6
588.00, 6
589.00, 6
590.00, 6
591.00, 6
592.00, 6
593.00, 6
594.00, 6
595.00, 6
596.00, 6
597.00, 6
598.00, 6
599.00, 6
600.00, 6
601.00, 6
602.00, 6
603.00, 6
604.00, 6
605.00, 6
606.00, 6
607.00, 6
608.00, 6
609.00, 6
610.00, 6
611.00, 6
612.00, 6
613.00, 0
614.00, 0
615.00, 0
616.00, 0
617.00, 0
618.00, 0
619.00, 0
620.00, 0
621.00, 0
622.00, 0
623.00, 0
624.00, 0
625.00, 0
626.00, 0
627.00, 0
628.00, 0
629.00, 0
630.00, 0
631.00, 0
632.00, 0
633.00, 0
634.00, 0
635.00, 0
636.00, 0
637.00, 0
638.00, 0
639.00, 0
640.00, 0
641.00, 0
642.00, 0
643.00, 0
644.00, 0
645.00, 0
646.00, 0
647.00, 0
648.00, 0
649.00, 0
650.00, 0
651.00, 0
652.00, 0
653.00, 0
654.00, 0
655.00, 0
656.00, 2
657.00, 2
658.00, 2
659.00, 2
660.00, 2
661.00, 2
662.00, 2
663.00, 2
664.00, 2
665.00, 2
666.00, 2
667.00, 2
668.00, 2
669.00, 2
670.00, 2
671.00, 2
672.00, 2
673.00, 2
674.00, 2
675.00, 2
676.00, 2
677.00, 2
678.00, 2
679.00, 2
680.00, 2
681.00, 2
682.00, 2
683.00, 2
684.00, 2
685.00, 2
686.00, 2
687.00, 2
688.00, 2
689.00, 2
690.00, 0
691.00, 0
692.00, 0
693.00, 0
694.00, 0
695.00, 0
696.00, 0
697.00, 0
698.00, 0
699.00, 0
700.00, 0
701.00, 0
702.00, 0
703.00, 0
704.00, 0
705.00, 0
706.00, 0
707.00, 0
708.00, 0
709.00, 0
710.00, 0
711.00, 0
712.00, 0
713.00, 0
714.00, 0
715.00, 0
716.00, 0
717.00, 0
718.00, 0
719.00, 0
720.00, 0
721.00, 0
722.00, 0
723.00, 0
724.00, 0
725.00, 0
726.00, 0
727.00, 0
728.00, 0
729.00, 0
730.00, 0
731.00, 0
732.00, 0
733.00, 0
734.00, 0
735.00, 0
736.00, 0
737.00, 0
738.00, 0
739.00, 0
740.00, 0
741.00, 0
742.00, 0
743.00, 0
744.00, 0
745.00, 0
746.00, 0
747.00, 0
748.00, 0
749.00, 0
750.00, 0
751.00, 0
752.00, 0
753.00, 0
754.00, 0
755.00, 0
756.00, 0
757.00, 0
758.00, 0
759.00, 0
760.00, 0
761.00, 0
762.00, 0
763.00, 0
764.00, 0
765.00, 0
766.00, 0
767.00, 0
768.00, 0
769.00, 0
770.00, 0
771.00, 0
772.00, 0
773.00, 0
774.00, 0
775.00, 0
776.00, 0
777.00, 0
778.00, 0
779.00, 0
780.00, 0
781.00, 0
782.00, 0
783.00, 0
784.00, 0
785.00, 0
786.00, 0
787.00, 0
788.00, 0
789.00, 0
790.00, 0
791.00, 0
792.00, 0
793.00, 0
794.00, 0
795.00, 0
796.00, 0
797.00, 0
798.00, 0
799.00, 0
800.00, 0
801.00, 0
802.00, 0
803.00, 0
804.00, 0
805.00, 0
806.00, 0
807.00, 0
808.00, 0
809.00, 0
810.00, 0
811.00, 0
812.00, 0
813.00, 0
814.00, 0
815.00, 0
816.00, 0
817.00, 0
818.00, 0
819.00, 0
820.00, 0
821.00, 0
822.00, 0
823.00, 0
824.00, 0
825.00, 0
826.00, 0
827.00, 0
828.00, 0
829.00, 0
830.00, 0
831.00, 0
832.00, 0
833.00, 0
834.00, 0
835.00, 0
836.00, 0
837.00, 0
838.00, 0
839.00, 0
840.00, 0
841.00, 0
842.00, 0
843.00, 0
844.00, 0
845.00, 0
846.00, 0
847.00, 0
848.00, 0
849.00, 0
850.00, 0
851.00, 0
852.00, 0
853.00, 0
854.00, 0
855.00, 0
856.00, 0
857.00, 0
858.00, 0
859.00, 0
860.00, 0
861.00, 0
862.00, 0
863.00, 0
864.00, 0
865.00, 0
866.00, 0
867.00, 0
868.00, 0
869.00, 0
870.00, 0
871.00, 2
872.00, 2
873.00, 2
874.00, 2
875.00, 2
876.00, 2
877.00, 2
878.00, 2
879.00, 2
880.00, 2
881.00, 2
882.00, 0
883.00, 0
884.00, 0
885.00, 0
886.00, 0
887.00, 0
888.00, 0
889.00, 0
890.00, 0
891.00, 0
892.00, 0
893.00, 0
894.00, 0
895.00, 0
896.00, 0
897.00, 0
898.00, 0
899.00, 0
900.00, 0
901.00, 0
902.00, 0
903.00, 0
904.00, 0
905.00, 0
906.00, 0
907.00, 0
908.00, 0
909.00, 0
910.00, 0
911.00, 0
912.00, 0
913.00, 0
914.00, 0
915.00, 0
916.00, 0
917.00, 0
918.00, 0
919.00, 0
920.00, 0
921.00, 0
922.00, 0
923.00, 0
924.00, 0
925.00, 0
926.00, 0
927.00, 0
928.00, 0
929.00, 0
930.00, 0
931.00, 0
932.00, 0
933.00, 0
934.00, 0
935.00, 0
936.00, 0
937.00, 0
938.00, 0
939.00, 0
940.00, 0
941.00, 0
942.00, 0
943.00, 0
944.00, 0
945.00, 0
946.00, 0
947.00, 0
948.00, 0
949.00, 6
950.00, 6
951.00, 6
952.00, 6
953.00, 6
954.00, 6
955.00, 6
956.00, 6
957.00, 6
958.00, 6
959.00, 6
960.00, 6
961.00, 6
962.00, 6
963.00, 6
964.00, 6
965.00, 6
966.00, 6
967.00, 6
968.00, 6
969.00, 6
970.00, 6
971.00, 6
972.00, 6
973.00, 6
974.00, 6
975.00, 6
976.00, 6
977.00, 6
978.00, 6
979.00, 6
980.00, 6
981.00, 0
982.00, 0
983.00, 0
984.00, 0
985.00, 0
986.00, 0
987.00, 0
988.00, 0
989.00, 0
990.00, 0
991.00, 0
992.00, 0
993.00, 0
994.00, 0
995.00, 0
996.00, 0
997.00, 0
998.00, 0
999.00, 0