0.00, 6
1.00, 6
2.00, 6
3.00, 6
4.00, 6
5.00, 6
6.00, 6
7.00, 6
8.00, 6
9.00, 6
10.00, 6
11.00, 6
12.00, 6
13.00, 6
14.00, 6
15.00, 6
16.00, 6
17.00, 6
18.00, 6
19.00, 6
20.00, 6
21.00, 6
22.00, 6
23.00, 6
24.00, 6
25.00, 6
26.00, 6
27.00, 6
28.00, 6
29.00, 6
30.00, 6
31.00, 6
32.00, 6
33.00, 6
34.00, 6
35.00, 6
36.00, 6
37.00, 6
38.00, 6
39.00, 6
40.00, 6
41.00, 6
42.00, 6
43.00, 6
44.00, 6
45.00, 6
46.00, 6
47.00, 6
48.00, 6
49.00, 6
50.00, 6
51.00, 6
52.00, 6
53.00, 6
54.00, 6
55.00, 6
56.00, 6
57.00, 6
58.00, 6
59.00, 6
60.00, 6
61.00, 6
62.00, 4
63.00, 4
64.00, 4
65.00, 4
66.00, 4
67.00, 4
68.00, 4
69.00, 4
70.00, 1
71.00, 1
72.00, 1
73.00, 1
74.00, 1
75.00, 1
76.00, 1
77.00, 1
78.00, 1
79.00, 1
80.00, 1
81.00, 1
82.00, 1
83.00, 1
84.00, 1
85.00, 1
86.00, 1
87.00, 1
88.00, 1
89.00, 1
90.00, 1
91.00, 1
92.00, 1
93.00, 1
94.00, 1
95.00, 1
96.00, 1
97.00, 1
98.00, 1
99.00, 1
100.00, 1
101.00, 1
102.00, 1
103.00, 1
104.00, 1
105.00, 7
106.00, 7
107.00, 7
108.00, 7
109.00, 7
110.00, 7
111.00, 7
112.00, 7
113.00, 7
114.00, 7
115.00, 7
116.00, 7
117.00, 7
118.00, 7
119.00, 7
120.00, 7
121.00, 7
122.00, 1
123.00, 1
124.00, 1
125.00, 1
126.00, 1
127.00, 1
128.00, 1
129.00, 1
130.00, 1
131.00, 1
132.00, 1
133.00, 1
134.00, 1
135.00, 1
136.00, 1
137.00, 1
138.00, 1
139.00, 1
140.00, 1
141.00, 4
142.00, 4
143.00, 4
144.00, 4
145.00, 4
146.00, 4
147.00, 4
148.00, 4
149.00, 4
150.00, 4
151.00, 4
152.00, 4
153.00, 4
154.00, 4
155.00, 4
156.00, 4
157.00, 4
158.00, 4
159.00, 4
160.00, 4
161.00, 4
162.00, 4
163.00, 4
164.00, 4
165.00, 4
166.00, 4
167.00, 4
168.00, 4
169.00, 4
170.00, 4
171.00, 4
172.00, 4
173.00, 3
174.00, 3
175.00, 3
176.00, 3
177.00, 3
178.00, 3
179.00, 3
180.00, 3
181.00, 3
182.00, 3
183.00, 3
184.00, 3
185.00, 3
186.00, 3
187.00, 3
188.00, 3
189.00, 3
190.00, 3
191.00, 3
192.00, 3
193.00, 3
194.00, 3
195.00, 3
196.00, 3
197.00, 3
198.00, 3
199.00, 3
200.00, 3
201.00, 3
202.00, 4
203.00, 4
204.00, 4
205.00, 4
206.00, 4
207.00, 4
208.00, 4
209.00, 4
210.00, 4
211.00, 4
212.00, 4
213.00, 4
214.00, 4
215.00, 4
216.00, 4
217.00, 4
218.00, 4
219.00, 4
220.00, 4
221.00, 4
222.00, 4
223.00, 4
224.00, 4
225.00, 4
226.00, 4
227.00, 4
228.00, 4
229.00, 6
230.00, 6
231.00, 6
232.00, 6
233.00, 6
234.00, 6
235.00, 6
236.00, 6
237.00, 6
238.00, 6
239.00, 6
240.00, 6
241.00, 6
242.00, 6
243.00, 6
244.00, 6
245.00, 6
246.00, 6
247.00, 6
248.00, 6
249.00, 6
250.00, 6
251.00, 6
252.00, 6
253.00, 6
254.00, 6
255.00, 6
256.00, 6
257.00, 7
258.00, 0
259.00, 0
260.00, 0
261.00, 0
262.00, 0
263.00, 0
264.00, 0
265.00, 0
266.00, 0
267.00, 0
268.00, 0
269.00, 0
270.00, 0
271.00, 0
272.00, 0
273.00, 0
274.00, 0
275.00, 0
276.00, 0
277.00, 0
278.00, 0
279.00, 0
280.00, 0
281.00, 0
282.00, 0
283.00, 0
284.00, 0
285.00, 0
286.00, 6
287.00, 6
288.00, 6
289.00, 6
290.00, 6
291.00, 6
292.00, 6
293.00, 6
294.00, 6
295.00, 6
296.00, 6
297.00, 6
298.00, 6
299.00, 6
300.00, 6
301.00, 6
302.00, 6
303.00, 6
304.00, 6
305.00, 6
306.00, 6
307.00, 6
308.00, 6
309.00, 6
310.00, 6
311.00, 6
312.00, 6
313.00, 6
314.00, 6
315.00, 6
316.00, 6
317.00, 6
318.00, 6
319.00, 6
320.00, 6
321.00, 6
322.00, 6
323.00, 6
324.00, 6
325.00, 6
326.00, 6
327.00, 6
328.00, 6
329.00, 6
330.00, 6
331.00, 6
332.00, 2
333.00, 2
334.00, 2
335.00, 2
336.00, 2
337.00, 2
338.00, 2
339.00, 2
340.00, 2
341.00, 2
342.00, 2
343.00, 2
344.00, 2
345.00, 2
346.00, 2
347.00, 2
348.00, 2
349.00, 2
350.00, 2
351.00, 2
352.00, 2
353.00, 2
354.00, 2
355.00, 2
356.00, 2
357.00, 2
358.00, 2
359.00, 2
360.00, 2
361.00, 2
362.00, 2
363.00, 2
364.00, 2
365.00, 2
366.00, 2
367.00, 2
368.00, 2
369.00, 2
370.00, 2
371.00, 2
372.00, 2
373.00, 2
374.00, 2
375.00, 2
376.00, 2
377.00, 2
378.00, 2
379.00, 2
380.00, 2
381.00, 2
382.00, 2
383.00, 2
384.00, 2
385.00, 2
386.00, 2
387.00, 2
388.00, 2
389.00, 2
390.00, 2
391.00, 2
392.00, 2
393.00, 2
394.00, 2
395.00, 2
396.00, 2
397.00, 2
398.00, 2
399.00, 2
400.00, 2
401.00, 2
402.00, 2
403.00, 2
404.00, 2
405.00, 2
406.00, 2
407.00, 2
408.00, 2
409.00, 2
410.00, 4
411.00, 4
412.00, 4
413.00, 4
414.00, 4
415.00, 4
416.00, 4
417.00, 4
418.00, 4
419.00, 4
420.00, 4
421.00, 4
422.00, 4
423.00, 4
424.00, 4
425.00, 4
426.00, 4
427.00, 4
428.00, 4
429.00, 4
430.00, 4
431.00, 4
432.00, 4
433.00, 4
434.00, 4
435.00, 4
436.00, 4
437.00, 4
438.00, 4
439.00, 4
440.00, 4
441.00, 4
442.00, 4
443.00, 4
444.00, 4
445.00, 4
446.00, 4
447.00, 4
448.00, 4
449.00, 4
450.00, 4
451.00, 4
452.00, 4
453.00, 4
454.00, 4
455.00, 4
456.00, 4
457.00, 4
458.00, 4
459.00, 4
460.00, 4
461.00, 4
462.00, 2
463.00, 2
464.00, 2
465.00, 2
466.00, 2
467.00, 2
468.00, 2
469.00, 2
470.00, 2
471.00, 5
472.00, 5
473.00, 5
474.00, 5
475.00, 5
476.00, 5
477.00, 5
478.00, 5
479.00, 5
480.00, 5
481.00, 5
482.00, 5
483.00, 5
484.00, 5
485.00, 5
486.00, 5
487.00, 5
488.00, 5
489.00, 3
490.00, 3
491.00, 3
492.00, 3
493.00, 3
494.00, 3
495.00, 3
496.00, 3
497.00, 3
498.00, 3
499.00, 3
500.00, 3
501.00, 3
502.00, 3
503.00, 3
504.00, 3
505.00, 3
506.00, 3
507.00, 3
508.00, 3
509.00, 3
510.00, 3
511.00, 3
512.00, 3
513.00, 3
514.00, 3
515.00, 3
516.00, 3
517.00, 3
518.00, 3
519.00, 3
520.00, 3
521.00, 3
522.00, 3
523.00, 8
524.00, 8
525.00, 8
526.00, 8
527.00, 8
528.00, 8
529.00, 8
530.00, 8
531.00, 8
532.00, 8
533.00, 8
534.00, 8
535.00, 8
536.00, 8
537.00, 8
538.00, 8
539.00, 8
540.00, 8
541.00, 8
542.00, 8
543.00, 8
544.00, 8
545.00, 8
546.00, 8
547.00, 8
548.00, 8
549.00, 8
550.00, 8
551.00, 8
552.00, 8
553.00, 8
554.00, 8
555.00, 8
556.00, 8
557.00, 8
558.00, 8
559.00, 8
560.00, 8
561.00, 8
562.00, 8
563.00, 8
564.00, 8
565.00, 8
566.00, 8
567.00, 8
568.00, 8
569.00, 8
570.00, 8
571.00, 8
572.00, 8
573.00, 8
574.00, 8
575.00, 8
576.00, 8
577.00, 8
578.00, 8
579.00, 8
580.00, 8
581.00, 8
582.00, 8
583.00, 8
584.00, 8
585.00, 8
586.00, 8
587.00, 8
588.00, 8
589.00, 8
590.00, 8
591.00, 8
592.00, 3
593.00, 3
594.00, 3
595.00, 3
596.00, 3
597.00, 3
598.00, 3
599.00, 3
600.00, 3
601.00, 3
602.00, 3
603.00, 3
604.00, 3
605.00, 3
606.00, 3
607.00, 3
608.00, 3
609.00, 3
610.00, 3
611.00, 3
612.00, 3
613.00, 3
614.00, 3
615.00, 3
616.00, 3
617.00, 3
618.00, 3
619.00, 3
620.00, 3
621.00, 3
622.00, 3
623.00, 3
624.00, 3
625.00, 3
626.00, 3
627.00, 3
628.00, 3
629.00, 3
630.00, 4
631.00, 4
632.00, 4
633.00, 4
634.00, 4
635.00, 4
636.00, 4
637.00, 4
638.00, 4
639.00, 4
640.00, 4
641.00, 4
642.00, 4
643.00, 4
644.00, 4
645.00, 4
646.00, 4
647.00, 8
648.00, 8
649.00, 8
650.00, 8
651.00, 8
652.00, 8
653.00, 8
654.00, 8
655.00, 8
656.00, 8
657.00, 8
658.00, 8
659.00, 8
660.00, 8
661.00, 8
662.00, 8
663.00, 8
664.00, 8
665.00, 8
666.00, 8
667.00, 8
668.00, 8
669.00, 8
670.00, 8
671.00, 8
672.00, 8
673.00, 8
674.00, 8
675.00, 8
676.00, 8
677.00, 8
678.00, 8
679.00, 8
680.00, 8
681.00, 8
682.00, 8
683.00, 8
684.00, 1
685.00, 1
686.00, 1
687.00, 1
688.00, 1
689.00, 1
690.00, 1
691.00, 1
692.00, 1
693.00, 1
694.00, 1
695.00, 1
696.00, 1
697.00, 1
698.00, 1
699.00, 1
700.00, 1
701.00, 1
702.00, 1
703.00, 1
704.00, 1
705.00, 1
706.00, 1
707.00, 1
708.00, 1
709.00, 1
710.00, 1
711.00, 1
712.00, 1
713.00, 1
714.00, 1
715.00, 1
716.00, 1
717.00, 1
718.00, 7
719.00, 7
720.00, 7
721.00, 7
722.00, 7
723.00, 7
724.00, 7
725.00, 7
726.00, 7
727.00, 7
728.00, 7
729.00, 7
730.00, 7
731.00, 7
732.00, 7
733.00, 7
734.00, 7
735.00, 7
736.00, 7
737.00, 7
738.00, 7
739.00, 7
740.00, 7
741.00, 7
742.00, 7
743.00, 7
744.00, 7
745.00, 7
746.00, 7
747.00, 7
748.00, 7
749.00, 7
750.00, 7
751.00, 7
752.00, 7
753.00, 7
754.00, 7
755.00, 7
756.00, 7
757.00, 7
758.00, 7
759.00, 7
760.00, 7
761.00, 7
762.00, 7
763.00, 7
764.00, 7
765.00, 7
766.00, 7
767.00, 7
768.00, 7
769.00, 7
770.00, 6
771.00, 6
772.00, 6
773.00, 6
774.00, 6
775.00, 6
776.00, 6
777.00, 6
778.00, 6
779.00, 6
780.00, 6
781.00, 6
782.00, 6
783.00, 6
784.00, 6
785.00, 6
786.00, 6
787.00, 6
788.00, 6
789.00, 6
790.00, 6
791.00, 0
792.00, 0
793.00, 0
794.00, 0
795.00, 0
796.00, 0
797.00, 0
798.00, 0
799.00, 0
800.00, 0
801.00, 0
802.00, 0
803.00, 0
804.00, 0
805.00, 0
806.00, 0
807.00, 0
808.00, 0
809.00, 0
810.00, 0
811.00, 0
812.00, 0
813.00, 0
814.00, 0
815.00, 0
816.00, 0
817.00, 0
818.00, 0
819.00, 0
820.00, 0
821.00, 0
822.00, 0
823.00, 0
824.00, 0
825.00, 0
826.00, 0
827.00, 7
828.00, 6
829.00, 6
830.00, 6
831.00, 6
832.00, 6
833.00, 6
834.00, 6
835.00, 6
836.00, 6
837.00, 6
838.00, 0
839.00, 0
840.00, 0
841.00, 0
842.00, 0
843.00, 0
844.00, 0
845.00, 0
846.00, 0
847.00, 0
848.00, 0
849.00, 0
850.00, 0
851.00, 0
852.00, 0
853.00, 0
854.00, 0
855.00, 0
856.00, 0
857.00, 0
858.00, 0
859.00, 0
860.00, 0
861.00, 0
862.00, 0
863.00, 0
864.00, 0
865.00, 0
866.00, 0
867.00, 0
868.00, 0
869.00, 0
870.00, 0
871.00, 0
872.00, 0
873.00, 0
874.00, 2
875.00, 2
876.00, 2
877.00, 2
878.00, 2
879.00, 2
880.00, 2
881.00, 2
882.00, 2
883.00, 2
884.00, 2
885.00, 2
886.00, 2
887.00, 2
888.00, 2
889.00, 2
890.00, 2
891.00, 6
892.00, 6
893.00, 6
894.00, 6
895.00, 6
896.00, 6
897.00, 6
898.00, 6
899.00, 6
900.00, 6
901.00, 6
902.00, 6
903.00, 6
904.00, 6
905.00, 6
906.00, 6
907.00, 6
908.00, 6
909.00, 6
910.00, 6
911.00, 6
912.00, 6
913.00, 6
914.00, 6
915.00, 6
916.00, 6
917.00, 6
918.00, 6
919.00, 6
920.00, 6
921.00, 6
922.00, 6
923.00, 6
924.00, 6
925.00, 6
926.00, 6
927.00, 6
928.00, 6
929.00, 6
930.00, 6
931.00, 6
932.00, 6
933.00, 6
934.00, 6
935.00, 6
936.00, 6
937.00, 6
938.00, 6
939.00, 6
940.00, 0
941.00, 0
942.00, 0
943.00, 0
944.00, 0
945.00, 0
946.00, 0
947.00, 0
948.00, 0
949.00, 0
950.00, 0
951.00, 0
952.00, 0
953.00, 0
954.00, 0
955.00, 0
956.00, 0
957.00, 0
958.00, 0
959.00, 0
960.00, 0
961.00, 0
962.00, 0
963.00, 0
964.00, 0
965.00, 0
966.00, 0
967.00, 0
968.00, 0
969.00, 0
970.00, 0
971.00, 0
972.00, 0
973.00, 0
974.00, 0
975.00, 0
976.00, 0
977.00, 0
978.00, 0
979.00, 0
980.00, 0
981.00, 0
982.00, 0
983.00, 0
984.00, 0
985.00, 0
986.00, 0
987.00, 0
988.00, 0
989.00, 0
990.00, 0
991.00, 0
992.00, 0
993.00, 0
994.00, 0
995.00, 0
996.00, 0
997.00, 0
998.00, 0
999.00, 0