0.00, 0
1.00, 0
2.00, 0
3.00, 0
4.00, 0
5.00, 0
6.00, 0
7.00, 0
8.00, 0
9.00, 0
10.00, 0
11.00, 0
12.00, 0
13.00, 0
14.00, 0
15.00, 0
16.00, 0
17.00, 6
18.00, 6
19.00, 6
20.00, 6
21.00, 6
22.00, 6
23.00, 6
24.00, 6
25.00, 6
26.00, 6
27.00, 6
28.00, 6
29.00, 6
30.00, 6
31.00, 6
32.00, 6
33.00, 6
34.00, 6
35.00, 6
36.00, 6
37.00, 6
38.00, 6
39.00, 6
40.00, 7
41.00, 7
42.00, 7
43.00, 7
44.00, 7
45.00, 7
46.00, 7
47.00, 7
48.00, 7
49.00, 7
50.00, 7
51.00, 7
52.00, 7
53.00, 7
54.00, 7
55.00, 7
56.00, 7
57.00, 7
58.00, 7
59.00, 7
60.00, 7
61.00, 7
62.00, 7
63.00, 7
64.00, 7
65.00, 7
66.00, 7
67.00, 7
68.00, 7
69.00, 7
70.00, 7
71.00, 7
72.00, 7
73.00, 7
74.00, 7
75.00, 7
76.00, 7
77.00, 1
78.00, 1
79.00, 1
80.00, 1
81.00, 1
82.00, 1
83.00, 1
84.00, 1
85.00, 1
86.00, 1
87.00, 1
88.00, 1
89.00, 1
90.00, 1
91.00, 1
92.00, 1
93.00, 1
94.00, 1
95.00, 7
96.00, 7
97.00, 7
98.00, 7
99.00, 7
100.00, 7
101.00, 7
102.00, 7
103.00, 7
104.00, 7
105.00, 7
106.00, 7
107.00, 7
108.00, 7
109.00, 7
110.00, 7
111.00, 7
112.00, 7
113.00, 7
114.00, 7
115.00, 7
116.00, 7
117.00, 7
118.00, 7
119.00, 7
120.00, 7
121.00, 7
122.00, 7
123.00, 7
124.00, 7
125.00, 7
126.00, 7
127.00, 7
128.00, 7
129.00, 7
130.00, 7
131.00, 7
132.00, 7
133.00, 7
134.00, 7
135.00, 7
136.00, 7
137.00, 7
138.00, 7
139.00, 7
140.00, 7
141.00, 7
142.00, 7
143.00, 7
144.00, 7
145.00, 7
146.00, 7
147.00, 7
148.00, 7
149.00, 7
150.00, 7
151.00, 7
152.00, 7
153.00, 7
154.00, 7
155.00, 7
156.00, 7
157.00, 7
158.00, 7
159.00, 7
160.00, 7
161.00, 7
162.00, 7
163.00, 7
164.00, 7
165.00, 7
166.00, 7
167.00, 7
168.00, 7
169.00, 7
170.00, 7
171.00, 7
172.00, 7
173.00, 7
174.00, 7
175.00, 7
176.00, 7
177.00, 7
178.00, 7
179.00, 7
180.00, 7
181.00, 7
182.00, 7
183.00, 7
184.00, 7
185.00, 7
186.00, 7
187.00, 7
188.00, 7
189.00, 7
190.00, 7
191.00, 7
192.00, 7
193.00, 7
194.00, 7
195.00, 7
196.00, 7
197.00, 7
198.00, 7
199.00, 7
200.00, 7
201.00, 7
202.00, 7
203.00, 7
204.00, 7
205.00, 7
206.00, 7
207.00, 7
208.00, 7
209.00, 7
210.00, 7
211.00, 7
212.00, 7
213.00, 7
214.00, 7
215.00, 7
216.00, 7
217.00, 7
218.00, 7
219.00, 7
220.00, 7
221.00, 7
222.00, 7
223.00, 7
224.00, 7
225.00, 7
226.00, 1
227.00, 1
228.00, 1
229.00, 1
230.00, 1
231.00, 1
232.00, 1
233.00, 1
234.00, 1
235.00, 1
236.00, 1
237.00, 1
238.00, 1
239.00, 1
240.00, 1
241.00, 1
242.00, 1
243.00, 1
244.00, 1
245.00, 1
246.00, 1
247.00, 1
248.00, 1
249.00, 1
250.00, 1
251.00, 1
252.00, 1
253.00, 1
254.00, 1
255.00, 1
256.00, 1
257.00, 6
258.00, 6
259.00, 6
260.00, 6
261.00, 6
262.00, 6
263.00, 6
264.00, 6
265.00, 6
266.00, 6
267.00, 6
268.00, 6
269.00, 6
270.00, 6
271.00, 6
272.00, 6
273.00, 6
274.00, 6
275.00, 4
276.00, 4
277.00, 4
278.00, 4
279.00, 4
280.00, 4
281.00, 4
282.00, 4
283.00, 4
284.00, 4
285.00, 4
286.00, 4
287.00, 4
288.00, 4
289.00, 4
290.00, 4
291.00, 4
292.00, 4
293.00, 4
294.00, 4
295.00, 4
296.00, 4
297.00, 4
298.00, 4
299.00, 4
300.00, 4
301.00, 4
302.00, 4
303.00, 4
304.00, 4
305.00, 4
306.00, 4
307.00, 4
308.00, 4
309.00, 4
310.00, 4
311.00, 4
312.00, 4
313.00, 4
314.00, 4
315.00, 1
316.00, 1
317.00, 1
318.00, 1
319.00, 1
320.00, 1
321.00, 1
322.00, 1
323.00, 1
324.00, 7
325.00, 7
326.00, 7
327.00, 7
328.00, 7
329.00, 7
330.00, 7
331.00, 7
332.00, 7
333.00, 7
334.00, 7
335.00, 7
336.00, 7
337.00, 7
338.00, 7
339.00, 7
340.00, 7
341.00, 7
342.00, 7
343.00, 7
344.00, 7
345.00, 7
346.00, 7
347.00, 7
348.00, 7
349.00, 7
350.00, 7
351.00, 7
352.00, 7
353.00, 7
354.00, 7
355.00, 7
356.00, 7
357.00, 7
358.00, 7
359.00, 7
360.00, 7
361.00, 7
362.00, 7
363.00, 7
364.00, 7
365.00, 7
366.00, 7
367.00, 6
368.00, 6
369.00, 6
370.00, 6
371.00, 6
372.00, 6
373.00, 6
374.00, 6
375.00, 6
376.00, 6
377.00, 6
378.00, 6
379.00, 6
380.00, 6
381.00, 6
382.00, 6
383.00, 6
384.00, 6
385.00, 6
386.00, 6
387.00, 6
388.00, 6
389.00, 6
390.00, 6
391.00, 6
392.00, 6
393.00, 6
394.00, 6
395.00, 6
396.00, 6
397.00, 6
398.00, 6
399.00, 6
400.00, 6
401.00, 6
402.00, 6
403.00, 6
404.00, 6
405.00, 6
406.00, 7
407.00, 7
408.00, 7
409.00, 7
410.00, 7
411.00, 7
412.00, 7
413.00, 7
414.00, 7
415.00, 7
416.00, 7
417.00, 7
418.00, 7
419.00, 7
420.00, 7
421.00, 7
422.00, 7
423.00, 7
424.00, 7
425.00, 7
426.00, 7
427.00, 7
428.00, 7
429.00, 7
430.00, 7
431.00, 7
432.00, 7
433.00, 7
434.00, 7
435.00, 7
436.00, 7
437.00, 7
438.00, 7
439.00, 7
440.00, 7
441.00, 7
442.00, 7
443.00, 7
444.00, 7
445.00, 7
446.00, 7
447.00, 7
448.00, 7
449.00, 7
450.00, 7
451.00, 7
452.00, 7
453.00, 7
454.00, 7
455.00, 7
456.00, 7
457.00, 7
458.00, 7
459.00, 7
460.00, 7
461.00, 7
462.00, 7
463.00, 7
464.00, 7
465.00, 7
466.00, 7
467.00, 7
468.00, 7
469.00, 7
470.00, 1
471.00, 4
472.00, 4
473.00, 4
474.00, 4
475.00, 4
476.00, 4
477.00, 4
478.00, 4
479.00, 4
480.00, 4
481.00, 4
482.00, 4
483.00, 4
484.00, 4
485.00, 4
486.00, 4
487.00, 4
488.00, 4
489.00, 4
490.00, 4
491.00, 4
492.00, 4
493.00, 4
494.00, 4
495.00, 4
496.00, 4
497.00, 4
498.00, 4
499.00, 4
500.00, 4
501.00, 3
502.00, 3
503.00, 3
504.00, 3
505.00, 3
506.00, 3
507.00, 3
508.00, 3
509.00, 3
510.00, 3
511.00, 3
512.00, 3
513.00, 3
514.00, 3
515.00, 3
516.00, 3
517.00, 3
518.00, 3
519.00, 3
520.00, 3
521.00, 3
522.00, 3
523.00, 8
524.00, 8
525.00, 8
526.00, 8
527.00, 8
528.00, 8
529.00, 8
530.00, 8
531.00, 8
532.00, 8
533.00, 8
534.00, 8
535.00, 8
536.00, 8
537.00, 8
538.00, 8
539.00, 8
540.00, 8
541.00, 8
542.00, 8
543.00, 8
544.00, 8
545.00, 8
546.00, 8
547.00, 8
548.00, 8
549.00, 8
550.00, 8
551.00, 4
552.00, 4
553.00, 4
554.00, 4
555.00, 4
556.00, 4
557.00, 4
558.00, 4
559.00, 4
560.00, 4
561.00, 4
562.00, 4
563.00, 4
564.00, 4
565.00, 4
566.00, 4
567.00, 4
568.00, 4
569.00, 4
570.00, 4
571.00, 4
572.00, 4
573.00, 4
574.00, 4
575.00, 4
576.00, 4
577.00, 4
578.00, 4
579.00, 4
580.00, 8
581.00, 8
582.00, 8
583.00, 8
584.00, 8
585.00, 8
586.00, 8
587.00, 8
588.00, 8
589.00, 8
590.00, 8
591.00, 8
592.00, 8
593.00, 8
594.00, 8
595.00, 8
596.00, 8
597.00, 8
598.00, 8
599.00, 8
600.00, 8
601.00, 8
602.00, 8
603.00, 8
604.00, 8
605.00, 8
606.00, 8
607.00, 8
608.00, 8
609.00, 8
610.00, 8
611.00, 4
612.00, 4
613.00, 4
614.00, 4
615.00, 4
616.00, 4
617.00, 4
618.00, 4
619.00, 4
620.00, 4
621.00, 4
622.00, 4
623.00, 4
624.00, 4
625.00, 4
626.00, 4
627.00, 4
628.00, 4
629.00, 4
630.00, 4
631.00, 4
632.00, 4
633.00, 4
634.00, 4
635.00, 4
636.00, 4
637.00, 4
638.00, 4
639.00, 8
640.00, 8
641.00, 8
642.00, 8
643.00, 8
644.00, 8
645.00, 8
646.00, 8
647.00, 8
648.00, 8
649.00, 8
650.00, 8
651.00, 8
652.00, 8
653.00, 8
654.00, 8
655.00, 8
656.00, 8
657.00, 8
658.00, 8
659.00, 8
660.00, 8
661.00, 8
662.00, 8
663.00, 8
664.00, 8
665.00, 8
666.00, 8
667.00, 8
668.00, 8
669.00, 8
670.00, 8
671.00, 8
672.00, 8
673.00, 8
674.00, 8
675.00, 8
676.00, 8
677.00, 8
678.00, 4
679.00, 4
680.00, 4
681.00, 4
682.00, 4
683.00, 4
684.00, 4
685.00, 4
686.00, 4
687.00, 4
688.00, 8
689.00, 8
690.00, 8
691.00, 8
692.00, 8
693.00, 8
694.00, 8
695.00, 8
696.00, 8
697.00, 8
698.00, 8
699.00, 8
700.00, 8
701.00, 8
702.00, 8
703.00, 8
704.00, 8
705.00, 8
706.00, 8
707.00, 8
708.00, 8
709.00, 8
710.00, 8
711.00, 8
712.00, 8
713.00, 8
714.00, 8
715.00, 8
716.00, 8
717.00, 8
718.00, 8
719.00, 8
720.00, 1
721.00, 1
722.00, 1
723.00, 1
724.00, 1
725.00, 1
726.00, 1
727.00, 1
728.00, 1
729.00, 1
730.00, 1
731.00, 1
732.00, 1
733.00, 1
734.00, 1
735.00, 1
736.00, 1
737.00, 1
738.00, 1
739.00, 1
740.00, 1
741.00, 1
742.00, 1
743.00, 1
744.00, 1
745.00, 1
746.00, 1
747.00, 1
748.00, 1
749.00, 1
750.00, 1
751.00, 1
752.00, 7
753.00, 7
754.00, 7
755.00, 7
756.00, 7
757.00, 7
758.00, 7
759.00, 7
760.00, 7
761.00, 7
762.00, 7
763.00, 7
764.00, 7
765.00, 7
766.00, 7
767.00, 7
768.00, 7
769.00, 7
770.00, 7
771.00, 7
772.00, 7
773.00, 7
774.00, 7
775.00, 7
776.00, 7
777.00, 7
778.00, 7
779.00, 7
780.00, 7
781.00, 7
782.00, 7
783.00, 7
784.00, 7
785.00, 7
786.00, 7
787.00, 7
788.00, 7
789.00, 7
790.00, 7
791.00, 7
792.00, 7
793.00, 7
794.00, 7
795.00, 7
796.00, 7
797.00, 7
798.00, 7
799.00, 7
800.00, 7
801.00, 7
802.00, 7
803.00, 7
804.00, 7
805.00, 7
806.00, 7
807.00, 7
808.00, 7
809.00, 7
810.00, 7
811.00, 7
812.00, 7
813.00, 7
814.00, 7
815.00, 7
816.00, 7
817.00, 7
818.00, 7
819.00, 7
820.00, 7
821.00, 7
822.00, 7
823.00, 7
824.00, 7
825.00, 7
826.00, 7
827.00, 7
828.00, 7
829.00, 7
830.00, 7
831.00, 7
832.00, 7
833.00, 7
834.00, 7
835.00, 7
836.00, 7
837.00, 7
838.00, 7
839.00, 7
840.00, 7
841.00, 7
842.00, 7
843.00, 7
844.00, 7
845.00, 7
846.00, 7
847.00, 7
848.00, 6
849.00, 6
850.00, 6
851.00, 6
852.00, 6
853.00, 6
854.00, 6
855.00, 6
856.00, 6
857.00, 6
858.00, 6
859.00, 6
860.00, 6
861.00, 6
862.00, 6
863.00, 6
864.00, 6
865.00, 6
866.00, 6
867.00, 6
868.00, 6
869.00, 6
870.00, 6
871.00, 6
872.00, 6
873.00, 6
874.00, 6
875.00, 6
876.00, 7
877.00, 7
878.00, 7
879.00, 7
880.00, 7
881.00, 7
882.00, 7
883.00, 7
884.00, 7
885.00, 7
886.00, 7
887.00, 7
888.00, 7
889.00, 7
890.00, 7
891.00, 7
892.00, 7
893.00, 7
894.00, 7
895.00, 7
896.00, 7
897.00, 7
898.00, 7
899.00, 7
900.00, 7
901.00, 7
902.00, 7
903.00, 7
904.00, 7
905.00, 7
906.00, 7
907.00, 7
908.00, 7
909.00, 7
910.00, 7
911.00, 7
912.00, 7
913.00, 7
914.00, 7
915.00, 7
916.00, 7
917.00, 6
918.00, 6
919.00, 6
920.00, 6
921.00, 6
922.00, 6
923.00, 6
924.00, 6
925.00, 6
926.00, 6
927.00, 6
928.00, 6
929.00, 6
930.00, 6
931.00, 6
932.00, 6
933.00, 6
934.00, 6
935.00, 6
936.00, 6
937.00, 6
938.00, 6
939.00, 6
940.00, 6
941.00, 6
942.00, 6
943.00, 6
944.00, 6
945.00, 6
946.00, 6
947.00, 6
948.00, 6
949.00, 6
950.00, 6
951.00, 7
952.00, 0
953.00, 0
954.00, 0
955.00, 0
956.00, 0
957.00, 0
958.00, 0
959.00, 0
960.00, 0
961.00, 0
962.00, 0
963.00, 0
964.00, 0
965.00, 0
966.00, 0
967.00, 0
968.00, 0
969.00, 0
970.00, 0
971.00, 0
972.00, 0
973.00, 0
974.00, 0
975.00, 0
976.00, 0
977.00, 0
978.00, 0
979.00, 0
980.00, 0
981.00, 0
982.00, 0
983.00, 0
984.00, 0
985.00, 0
986.00, 0
987.00, 0
988.00, 0
989.00, 0
990.00, 0
991.00, 0
992.00, 0
993.00, 0
994.00, 0
995.00, 0
996.00, 0
997.00, 0
998.00, 0
999.00, 0