0.00, 1
1.00, 1
2.00, 1
3.00, 1
4.00, 1
5.00, 4
6.00, 4
7.00, 4
8.00, 4
9.00, 4
10.00, 4
11.00, 4
12.00, 4
13.00, 4
14.00, 4
15.00, 4
16.00, 4
17.00, 4
18.00, 4
19.00, 4
20.00, 4
21.00, 4
22.00, 4
23.00, 4
24.00, 6
25.00, 6
26.00, 6
27.00, 6
28.00, 6
29.00, 6
30.00, 6
31.00, 6
32.00, 6
33.00, 6
34.00, 6
35.00, 6
36.00, 6
37.00, 6
38.00, 6
39.00, 6
40.00, 0
41.00, 0
42.00, 0
43.00, 0
44.00, 0
45.00, 0
46.00, 0
47.00, 0
48.00, 0
49.00, 0
50.00, 0
51.00, 0
52.00, 0
53.00, 0
54.00, 0
55.00, 0
56.00, 0
57.00, 0
58.00, 0
59.00, 0
60.00, 0
61.00, 0
62.00, 0
63.00, 0
64.00, 0
65.00, 0
66.00, 0
67.00, 0
68.00, 0
69.00, 0
70.00, 0
71.00, 0
72.00, 0
73.00, 0
74.00, 0
75.00, 0
76.00, 0
77.00, 0
78.00, 0
79.00, 0
80.00, 0
81.00, 0
82.00, 0
83.00, 0
84.00, 0
85.00, 0
86.00, 0
87.00, 0
88.00, 0
89.00, 0
90.00, 0
91.00, 0
92.00, 0
93.00, 0
94.00, 0
95.00, 0
96.00, 0
97.00, 0
98.00, 0
99.00, 0
100.00, 0
101.00, 0
102.00, 0
103.00, 0
104.00, 0
105.00, 0
106.00, 0
107.00, 0
108.00, 0
109.00, 0
110.00, 0
111.00, 0
112.00, 0
113.00, 0
114.00, 0
115.00, 0
116.00, 0
117.00, 0
118.00, 0
119.00, 0
120.00, 6
121.00, 6
122.00, 6
123.00, 6
124.00, 6
125.00, 6
126.00, 6
127.00, 6
128.00, 6
129.00, 6
130.00, 6
131.00, 6
132.00, 6
133.00, 6
134.00, 6
135.00, 6
136.00, 6
137.00, 6
138.00, 6
139.00, 6
140.00, 6
141.00, 6
142.00, 6
143.00, 6
144.00, 6
145.00, 6
146.00, 6
147.00, 6
148.00, 6
149.00, 6
150.00, 0
151.00, 0
152.00, 0
153.00, 0
154.00, 0
155.00, 0
156.00, 0
157.00, 0
158.00, 0
159.00, 0
160.00, 0
161.00, 0
162.00, 0
163.00, 0
164.00, 0
165.00, 0
166.00, 0
167.00, 0
168.00, 0
169.00, 0
170.00, 0
171.00, 0
172.00, 0
173.00, 0
174.00, 0
175.00, 0
176.00, 0
177.00, 0
178.00, 0
179.00, 0
180.00, 0
181.00, 0
182.00, 0
183.00, 0
184.00, 0
185.00, 2
186.00, 2
187.00, 2
188.00, 2
189.00, 2
190.00, 2
191.00, 2
192.00, 2
193.00, 2
194.00, 2
195.00, 2
196.00, 2
197.00, 2
198.00, 2
199.00, 2
200.00, 2
201.00, 2
202.00, 2
203.00, 2
204.00, 2
205.00, 2
206.00, 2
207.00, 2
208.00, 2
209.00, 2
210.00, 2
211.00, 2
212.00, 2
213.00, 2
214.00, 2
215.00, 2
216.00, 2
217.00, 2
218.00, 2
219.00, 2
220.00, 2
221.00, 2
222.00, 2
223.00, 2
224.00, 2
225.00, 2
226.00, 2
227.00, 2
228.00, 2
229.00, 2
230.00, 2
231.00, 2
232.00, 2
233.00, 2
234.00, 2
235.00, 2
236.00, 2
237.00, 2
238.00, 2
239.00, 2
240.00, 2
241.00, 2
242.00, 2
243.00, 2
244.00, 2
245.00, 2
246.00, 2
247.00, 2
248.00, 2
249.00, 2
250.00, 2
251.00, 2
252.00, 2
253.00, 2
254.00, 2
255.00, 2
256.00, 2
257.00, 2
258.00, 2
259.00, 2
260.00, 2
261.00, 2
262.00, 2
263.00, 2
264.00, 2
265.00, 5
266.00, 5
267.00, 5
268.00, 5
269.00, 5
270.00, 5
271.00, 5
272.00, 5
273.00, 5
274.00, 5
275.00, 5
276.00, 5
277.00, 5
278.00, 5
279.00, 5
280.00, 5
281.00, 5
282.00, 5
283.00, 5
284.00, 5
285.00, 5
286.00, 5
287.00, 5
288.00, 5
289.00, 5
290.00, 5
291.00, 5
292.00, 5
293.00, 5
294.00, 5
295.00, 5
296.00, 5
297.00, 5
298.00, 5
299.00, 5
300.00, 5
301.00, 5
302.00, 5
303.00, 5
304.00, 5
305.00, 5
306.00, 5
307.00, 5
308.00, 5
309.00, 5
310.00, 5
311.00, 5
312.00, 5
313.00, 5
314.00, 5
315.00, 5
316.00, 5
317.00, 5
318.00, 5
319.00, 5
320.00, 5
321.00, 5
322.00, 5
323.00, 5
324.00, 5
325.00, 5
326.00, 5
327.00, 5
328.00, 5
329.00, 5
330.00, 5
331.00, 2
332.00, 2
333.00, 2
334.00, 2
335.00, 2
336.00, 2
337.00, 2
338.00, 2
339.00, 2
340.00, 2
341.00, 2
342.00, 2
343.00, 2
344.00, 2
345.00, 2
346.00, 2
347.00, 2
348.00, 2
349.00, 2
350.00, 2
351.00, 2
352.00, 2
353.00, 2
354.00, 2
355.00, 2
356.00, 2
357.00, 2
358.00, 2
359.00, 2
360.00, 2
361.00, 2
362.00, 2
363.00, 2
364.00, 2
365.00, 4
366.00, 4
367.00, 4
368.00, 4
369.00, 4
370.00, 4
371.00, 4
372.00, 4
373.00, 4
374.00, 4
375.00, 4
376.00, 4
377.00, 4
378.00, 4
379.00, 4
380.00, 4
381.00, 4
382.00, 4
383.00, 4
384.00, 6
385.00, 6
386.00, 6
387.00, 6
388.00, 6
389.00, 6
390.00, 6
391.00, 6
392.00, 6
393.00, 6
394.00, 6
395.00, 6
396.00, 6
397.00, 6
398.00, 6
399.00, 6
400.00, 6
401.00, 6
402.00, 6
403.00, 6
404.00, 6
405.00, 6
406.00, 6
407.00, 6
408.00, 6
409.00, 6
410.00, 6
411.00, 0
412.00, 0
413.00, 0
414.00, 0
415.00, 0
416.00, 0
417.00, 0
418.00, 0
419.00, 0
420.00, 0
421.00, 0
422.00, 0
423.00, 0
424.00, 0
425.00, 0
426.00, 0
427.00, 0
428.00, 0
429.00, 0
430.00, 0
431.00, 0
432.00, 0
433.00, 0
434.00, 0
435.00, 0
436.00, 0
437.00, 0
438.00, 0
439.00, 0
440.00, 0
441.00, 0
442.00, 0
443.00, 0
444.00, 0
445.00, 0
446.00, 0
447.00, 0
448.00, 0
449.00, 0
450.00, 0
451.00, 0
452.00, 0
453.00, 0
454.00, 0
455.00, 0
456.00, 0
457.00, 0
458.00, 0
459.00, 0
460.00, 0
461.00, 0
462.00, 0
463.00, 0
464.00, 0
465.00, 0
466.00, 0
467.00, 0
468.00, 0
469.00, 0
470.00, 0
471.00, 0
472.00, 0
473.00, 0
474.00, 0
475.00, 0
476.00, 0
477.00, 0
478.00, 0
479.00, 0
480.00, 0
481.00, 0
482.00, 0
483.00, 0
484.00, 0
485.00, 0
486.00, 0
487.00, 0
488.00, 0
489.00, 0
490.00, 0
491.00, 0
492.00, 0
493.00, 0
494.00, 0
495.00, 0
496.00, 0
497.00, 0
498.00, 0
499.00, 0
500.00, 0
501.00, 0
502.00, 0
503.00, 0
504.00, 0
505.00, 0
506.00, 0
507.00, 0
508.00, 0
509.00, 0
510.00, 0
511.00, 0
512.00, 0
513.00, 0
514.00, 0
515.00, 0
516.00, 0
517.00, 0
518.00, 0
519.00, 0
520.00, 0
521.00, 6
522.00, 6
523.00, 6
524.00, 6
525.00, 6
526.00, 6
527.00, 6
528.00, 6
529.00, 6
530.00, 6
531.00, 6
532.00, 6
533.00, 6
534.00, 6
535.00, 6
536.00, 6
537.00, 6
538.00, 6
539.00, 6
540.00, 6
541.00, 6
542.00, 6
543.00, 6
544.00, 6
545.00, 6
546.00, 6
547.00, 6
548.00, 6
549.00, 6
550.00, 6
551.00, 6
552.00, 6
553.00, 6
554.00, 6
555.00, 6
556.00, 6
557.00, 6
558.00, 6
559.00, 6
560.00, 6
561.00, 6
562.00, 6
563.00, 6
564.00, 6
565.00, 6
566.00, 6
567.00, 6
568.00, 6
569.00, 6
570.00, 6
571.00, 6
572.00, 6
573.00, 6
574.00, 6
575.00, 6
576.00, 6
577.00, 6
578.00, 6
579.00, 6
580.00, 6
581.00, 6
582.00, 6
583.00, 6
584.00, 6
585.00, 6
586.00, 6
587.00, 6
588.00, 6
589.00, 6
590.00, 6
591.00, 6
592.00, 6
593.00, 6
594.00, 6
595.00, 6
596.00, 6
597.00, 6
598.00, 6
599.00, 6
600.00, 6
601.00, 6
602.00, 6
603.00, 6
604.00, 6
605.00, 6
606.00, 6
607.00, 6
608.00, 6
609.00, 6
610.00, 6
611.00, 6
612.00, 6
613.00, 6
614.00, 6
615.00, 6
616.00, 6
617.00, 6
618.00, 6
619.00, 6
620.00, 6
621.00, 6
622.00, 6
623.00, 6
624.00, 6
625.00, 6
626.00, 6
627.00, 6
628.00, 6
629.00, 6
630.00, 6
631.00, 6
632.00, 6
633.00, 6
634.00, 6
635.00, 6
636.00, 6
637.00, 6
638.00, 6
639.00, 6
640.00, 6
641.00, 6
642.00, 6
643.00, 6
644.00, 6
645.00, 6
646.00, 6
647.00, 6
648.00, 4
649.00, 4
650.00, 4
651.00, 4
652.00, 4
653.00, 4
654.00, 4
655.00, 4
656.00, 4
657.00, 4
658.00, 4
659.00, 4
660.00, 4
661.00, 4
662.00, 4
663.00, 4
664.00, 4
665.00, 4
666.00, 4
667.00, 4
668.00, 4
669.00, 4
670.00, 4
671.00, 4
672.00, 4
673.00, 4
674.00, 4
675.00, 4
676.00, 4
677.00, 4
678.00, 4
679.00, 4
680.00, 4
681.00, 4
682.00, 4
683.00, 4
684.00, 4
685.00, 4
686.00, 4
687.00, 4
688.00, 4
689.00, 4
690.00, 4
691.00, 4
692.00, 4
693.00, 4
694.00, 4
695.00, 4
696.00, 4
697.00, 4
698.00, 4
699.00, 4
700.00, 4
701.00, 4
702.00, 4
703.00, 4
704.00, 4
705.00, 4
706.00, 4
707.00, 4
708.00, 4
709.00, 4
710.00, 4
711.00, 4
712.00, 4
713.00, 4
714.00, 4
715.00, 4
716.00, 2
717.00, 2
718.00, 2
719.00, 2
720.00, 2
721.00, 2
722.00, 2
723.00, 2
724.00, 5
725.00, 5
726.00, 5
727.00, 5
728.00, 5
729.00, 5
730.00, 5
731.00, 5
732.00, 5
733.00, 5
734.00, 5
735.00, 5
736.00, 5
737.00, 5
738.00, 5
739.00, 5
740.00, 5
741.00, 5
742.00, 5
743.00, 5
744.00, 5
745.00, 5
746.00, 5
747.00, 5
748.00, 5
749.00, 5
750.00, 5
751.00, 5
752.00, 5
753.00, 5
754.00, 5
755.00, 5
756.00, 5
757.00, 5
758.00, 5
759.00, 5
760.00, 5
761.00, 5
762.00, 5
763.00, 5
764.00, 5
765.00, 5
766.00, 5
767.00, 5
768.00, 5
769.00, 5
770.00, 5
771.00, 5
772.00, 5
773.00, 5
774.00, 5
775.00, 5
776.00, 5
777.00, 5
778.00, 5
779.00, 5
780.00, 5
781.00, 5
782.00, 5
783.00, 5
784.00, 5
785.00, 5
786.00, 5
787.00, 5
788.00, 5
789.00, 5
790.00, 5
791.00, 5
792.00, 5
793.00, 5
794.00, 5
795.00, 5
796.00, 5
797.00, 5
798.00, 5
799.00, 5
800.00, 5
801.00, 5
802.00, 5
803.00, 5
804.00, 5
805.00, 5
806.00, 5
807.00, 5
808.00, 5
809.00, 5
810.00, 5
811.00, 5
812.00, 5
813.00, 5
814.00, 5
815.00, 3
816.00, 3
817.00, 3
818.00, 3
819.00, 3
820.00, 3
821.00, 3
822.00, 3
823.00, 3
824.00, 3
825.00, 3
826.00, 3
827.00, 3
828.00, 3
829.00, 3
830.00, 3
831.00, 3
832.00, 3
833.00, 3
834.00, 3
835.00, 3
836.00, 3
837.00, 3
838.00, 3
839.00, 3
840.00, 3
841.00, 3
842.00, 3
843.00, 3
844.00, 5
845.00, 5
846.00, 5
847.00, 5
848.00, 5
849.00, 5
850.00, 5
851.00, 5
852.00, 5
853.00, 5
854.00, 5
855.00, 5
856.00, 5
857.00, 5
858.00, 5
859.00, 5
860.00, 5
861.00, 5
862.00, 5
863.00, 5
864.00, 5
865.00, 5
866.00, 5
867.00, 5
868.00, 5
869.00, 5
870.00, 5
871.00, 5
872.00, 2
873.00, 2
874.00, 2
875.00, 2
876.00, 2
877.00, 2
878.00, 2
879.00, 2
880.00, 2
881.00, 2
882.00, 2
883.00, 2
884.00, 2
885.00, 2
886.00, 2
887.00, 2
888.00, 2
889.00, 2
890.00, 2
891.00, 2
892.00, 2
893.00, 2
894.00, 2
895.00, 2
896.00, 2
897.00, 2
898.00, 2
899.00, 2
900.00, 2
901.00, 2
902.00, 2
903.00, 2
904.00, 2
905.00, 2
906.00, 2
907.00, 2
908.00, 2
909.00, 2
910.00, 2
911.00, 2
912.00, 2
913.00, 2
914.00, 2
915.00, 2
916.00, 2
917.00, 2
918.00, 2
919.00, 2
920.00, 2
921.00, 2
922.00, 2
923.00, 2
924.00, 2
925.00, 2
926.00, 2
927.00, 2
928.00, 3
929.00, 3
930.00, 3
931.00, 3
932.00, 3
933.00, 3
934.00, 3
935.00, 3
936.00, 3
937.00, 3
938.00, 3
939.00, 3
940.00, 3
941.00, 3
942.00, 3
943.00, 3
944.00, 3
945.00, 3
946.00, 3
947.00, 3
948.00, 3
949.00, 3
950.00, 3
951.00, 3
952.00, 8
953.00, 8
954.00, 8
955.00, 8
956.00, 8
957.00, 8
958.00, 8
959.00, 8
960.00, 8
961.00, 8
962.00, 8
963.00, 8
964.00, 8
965.00, 8
966.00, 8
967.00, 8
968.00, 8
969.00, 1
970.00, 1
971.00, 1
972.00, 1
973.00, 1
974.00, 1
975.00, 1
976.00, 1
977.00, 1
978.00, 1
979.00, 1
980.00, 1
981.00, 1
982.00, 1
983.00, 1
984.00, 1
985.00, 1
986.00, 1
987.00, 1
988.00, 1
989.00, 1
990.00, 1
991.00, 1
992.00, 1
993.00, 1
994.00, 1
995.00, 1
996.00, 1
997.00, 1
998.00, 1
999.00, 1