0.00, 0
1.00, 0
2.00, 0
3.00, 0
4.00, 0
5.00, 0
6.00, 0
7.00, 0
8.00, 0
9.00, 0
10.00, 0
11.00, 0
12.00, 0
13.00, 0
14.00, 0
15.00, 0
16.00, 0
17.00, 0
18.00, 0
19.00, 0
20.00, 0
21.00, 0
22.00, 6
23.00, 6
24.00, 6
25.00, 6
26.00, 6
27.00, 6
28.00, 6
29.00, 6
30.00, 6
31.00, 6
32.00, 6
33.00, 6
34.00, 6
35.00, 6
36.00, 6
37.00, 6
38.00, 6
39.00, 6
40.00, 6
41.00, 6
42.00, 6
43.00, 6
44.00, 6
45.00, 6
46.00, 6
47.00, 6
48.00, 6
49.00, 6
50.00, 6
51.00, 6
52.00, 6
53.00, 6
54.00, 6
55.00, 7
56.00, 7
57.00, 7
58.00, 7
59.00, 7
60.00, 7
61.00, 7
62.00, 7
63.00, 7
64.00, 7
65.00, 7
66.00, 7
67.00, 7
68.00, 7
69.00, 7
70.00, 7
71.00, 7
72.00, 7
73.00, 7
74.00, 7
75.00, 7
76.00, 7
77.00, 7
78.00, 7
79.00, 7
80.00, 7
81.00, 7
82.00, 7
83.00, 7
84.00, 7
85.00, 7
86.00, 7
87.00, 7
88.00, 7
89.00, 7
90.00, 7
91.00, 7
92.00, 7
93.00, 7
94.00, 7
95.00, 7
96.00, 7
97.00, 7
98.00, 7
99.00, 7
100.00, 7
101.00, 7
102.00, 7
103.00, 7
104.00, 7
105.00, 7
106.00, 7
107.00, 7
108.00, 7
109.00, 7
110.00, 1
111.00, 1
112.00, 1
113.00, 1
114.00, 1
115.00, 1
116.00, 1
117.00, 1
118.00, 1
119.00, 1
120.00, 1
121.00, 1
122.00, 1
123.00, 1
124.00, 1
125.00, 1
126.00, 1
127.00, 1
128.00, 1
129.00, 1
130.00, 1
131.00, 1
132.00, 1
133.00, 1
134.00, 1
135.00, 1
136.00, 1
137.00, 1
138.00, 1
139.00, 1
140.00, 1
141.00, 1
142.00, 1
143.00, 8
144.00, 8
145.00, 8
146.00, 8
147.00, 8
148.00, 8
149.00, 8
150.00, 8
151.00, 8
152.00, 8
153.00, 8
154.00, 8
155.00, 8
156.00, 8
157.00, 8
158.00, 8
159.00, 8
160.00, 8
161.00, 8
162.00, 8
163.00, 8
164.00, 8
165.00, 8
166.00, 8
167.00, 8
168.00, 8
169.00, 8
170.00, 8
171.00, 8
172.00, 8
173.00, 8
174.00, 8
175.00, 8
176.00, 8
177.00, 8
178.00, 8
179.00, 8
180.00, 8
181.00, 8
182.00, 8
183.00, 8
184.00, 8
185.00, 8
186.00, 4
187.00, 4
188.00, 4
189.00, 4
190.00, 4
191.00, 4
192.00, 4
193.00, 4
194.00, 4
195.00, 1
196.00, 1
197.00, 1
198.00, 1
199.00, 1
200.00, 1
201.00, 1
202.00, 1
203.00, 1
204.00, 1
205.00, 1
206.00, 1
207.00, 1
208.00, 1
209.00, 1
210.00, 1
211.00, 1
212.00, 1
213.00, 1
214.00, 1
215.00, 1
216.00, 1
217.00, 7
218.00, 7
219.00, 7
220.00, 7
221.00, 7
222.00, 7
223.00, 7
224.00, 7
225.00, 7
226.00, 1
227.00, 1
228.00, 1
229.00, 1
230.00, 1
231.00, 1
232.00, 1
233.00, 1
234.00, 1
235.00, 1
236.00, 1
237.00, 1
238.00, 1
239.00, 1
240.00, 1
241.00, 1
242.00, 1
243.00, 1
244.00, 1
245.00, 1
246.00, 1
247.00, 1
248.00, 1
249.00, 1
250.00, 1
251.00, 4
252.00, 4
253.00, 4
254.00, 4
255.00, 4
256.00, 4
257.00, 4
258.00, 4
259.00, 4
260.00, 4
261.00, 4
262.00, 4
263.00, 4
264.00, 4
265.00, 4
266.00, 4
267.00, 4
268.00, 4
269.00, 4
270.00, 4
271.00, 4
272.00, 4
273.00, 4
274.00, 6
275.00, 6
276.00, 6
277.00, 6
278.00, 6
279.00, 6
280.00, 6
281.00, 6
282.00, 6
283.00, 6
284.00, 6
285.00, 6
286.00, 6
287.00, 6
288.00, 6
289.00, 0
290.00, 0
291.00, 0
292.00, 0
293.00, 0
294.00, 0
295.00, 0
296.00, 0
297.00, 0
298.00, 0
299.00, 0
300.00, 0
301.00, 0
302.00, 0
303.00, 0
304.00, 0
305.00, 0
306.00, 0
307.00, 0
308.00, 0
309.00, 0
310.00, 0
311.00, 0
312.00, 0
313.00, 0
314.00, 0
315.00, 0
316.00, 0
317.00, 0
318.00, 0
319.00, 0
320.00, 0
321.00, 0
322.00, 0
323.00, 0
324.00, 0
325.00, 0
326.00, 0
327.00, 0
328.00, 0
329.00, 0
330.00, 0
331.00, 0
332.00, 0
333.00, 0
334.00, 0
335.00, 0
336.00, 0
337.00, 0
338.00, 0
339.00, 0
340.00, 0
341.00, 0
342.00, 0
343.00, 0
344.00, 0
345.00, 0
346.00, 0
347.00, 0
348.00, 0
349.00, 0
350.00, 0
351.00, 0
352.00, 0
353.00, 0
354.00, 0
355.00, 0
356.00, 0
357.00, 0
358.00, 0
359.00, 6
360.00, 6
361.00, 6
362.00, 6
363.00, 6
364.00, 6
365.00, 6
366.00, 6
367.00, 6
368.00, 6
369.00, 6
370.00, 6
371.00, 6
372.00, 6
373.00, 6
374.00, 6
375.00, 6
376.00, 6
377.00, 6
378.00, 6
379.00, 6
380.00, 6
381.00, 6
382.00, 6
383.00, 6
384.00, 6
385.00, 6
386.00, 6
387.00, 6
388.00, 6
389.00, 7
390.00, 7
391.00, 7
392.00, 7
393.00, 7
394.00, 7
395.00, 7
396.00, 7
397.00, 7
398.00, 7
399.00, 7
400.00, 7
401.00, 7
402.00, 7
403.00, 7
404.00, 7
405.00, 7
406.00, 7
407.00, 7
408.00, 7
409.00, 7
410.00, 7
411.00, 7
412.00, 7
413.00, 7
414.00, 7
415.00, 7
416.00, 7
417.00, 7
418.00, 7
419.00, 7
420.00, 7
421.00, 7
422.00, 7
423.00, 7
424.00, 7
425.00, 7
426.00, 7
427.00, 7
428.00, 7
429.00, 7
430.00, 7
431.00, 7
432.00, 7
433.00, 7
434.00, 7
435.00, 7
436.00, 7
437.00, 7
438.00, 7
439.00, 7
440.00, 7
441.00, 7
442.00, 7
443.00, 7
444.00, 7
445.00, 7
446.00, 7
447.00, 7
448.00, 7
449.00, 7
450.00, 7
451.00, 7
452.00, 7
453.00, 7
454.00, 7
455.00, 7
456.00, 7
457.00, 7
458.00, 7
459.00, 7
460.00, 6
461.00, 6
462.00, 6
463.00, 6
464.00, 6
465.00, 6
466.00, 6
467.00, 6
468.00, 6
469.00, 6
470.00, 6
471.00, 6
472.00, 6
473.00, 6
474.00, 6
475.00, 6
476.00, 6
477.00, 6
478.00, 6
479.00, 6
480.00, 6
481.00, 6
482.00, 6
483.00, 6
484.00, 6
485.00, 6
486.00, 6
487.00, 6
488.00, 6
489.00, 6
490.00, 6
491.00, 6
492.00, 6
493.00, 6
494.00, 6
495.00, 6
496.00, 6
497.00, 6
498.00, 6
499.00, 6
500.00, 6
501.00, 6
502.00, 6
503.00, 6
504.00, 6
505.00, 6
506.00, 6
507.00, 6
508.00, 6
509.00, 6
510.00, 6
511.00, 6
512.00, 6
513.00, 6
514.00, 6
515.00, 6
516.00, 6
517.00, 6
518.00, 6
519.00, 6
520.00, 6
521.00, 6
522.00, 6
523.00, 6
524.00, 6
525.00, 6
526.00, 4
527.00, 2
528.00, 2
529.00, 2
530.00, 2
531.00, 2
532.00, 2
533.00, 2
534.00, 2
535.00, 2
536.00, 2
537.00, 2
538.00, 2
539.00, 2
540.00, 2
541.00, 2
542.00, 2
543.00, 2
544.00, 2
545.00, 2
546.00, 2
547.00, 2
548.00, 2
549.00, 2
550.00, 2
551.00, 2
552.00, 2
553.00, 2
554.00, 4
555.00, 4
556.00, 4
557.00, 4
558.00, 4
559.00, 4
560.00, 4
561.00, 4
562.00, 4
563.00, 4
564.00, 4
565.00, 4
566.00, 4
567.00, 4
568.00, 4
569.00, 4
570.00, 4
571.00, 4
572.00, 4
573.00, 4
574.00, 4
575.00, 4
576.00, 4
577.00, 4
578.00, 4
579.00, 4
580.00, 3
581.00, 3
582.00, 3
583.00, 3
584.00, 3
585.00, 3
586.00, 3
587.00, 3
588.00, 3
589.00, 3
590.00, 3
591.00, 3
592.00, 3
593.00, 3
594.00, 3
595.00, 3
596.00, 3
597.00, 8
598.00, 8
599.00, 8
600.00, 8
601.00, 8
602.00, 8
603.00, 8
604.00, 8
605.00, 8
606.00, 8
607.00, 8
608.00, 8
609.00, 8
610.00, 8
611.00, 8
612.00, 8
613.00, 8
614.00, 8
615.00, 8
616.00, 8
617.00, 8
618.00, 8
619.00, 8
620.00, 8
621.00, 8
622.00, 8
623.00, 8
624.00, 8
625.00, 8
626.00, 8
627.00, 8
628.00, 8
629.00, 8
630.00, 8
631.00, 8
632.00, 8
633.00, 8
634.00, 8
635.00, 8
636.00, 8
637.00, 8
638.00, 8
639.00, 8
640.00, 8
641.00, 8
642.00, 8
643.00, 8
644.00, 8
645.00, 8
646.00, 8
647.00, 8
648.00, 8
649.00, 8
650.00, 8
651.00, 8
652.00, 8
653.00, 8
654.00, 8
655.00, 8
656.00, 8
657.00, 8
658.00, 8
659.00, 8
660.00, 8
661.00, 1
662.00, 1
663.00, 1
664.00, 1
665.00, 1
666.00, 1
667.00, 1
668.00, 1
669.00, 1
670.00, 1
671.00, 1
672.00, 1
673.00, 1
674.00, 1
675.00, 1
676.00, 1
677.00, 1
678.00, 1
679.00, 1
680.00, 1
681.00, 1
682.00, 1
683.00, 1
684.00, 1
685.00, 1
686.00, 1
687.00, 1
688.00, 1
689.00, 1
690.00, 1
691.00, 1
692.00, 1
693.00, 1
694.00, 1
695.00, 1
696.00, 1
697.00, 1
698.00, 1
699.00, 1
700.00, 1
701.00, 1
702.00, 1
703.00, 1
704.00, 1
705.00, 1
706.00, 4
707.00, 4
708.00, 4
709.00, 4
710.00, 4
711.00, 4
712.00, 4
713.00, 4
714.00, 4
715.00, 4
716.00, 4
717.00, 4
718.00, 4
719.00, 4
720.00, 4
721.00, 4
722.00, 4
723.00, 4
724.00, 4
725.00, 4
726.00, 4
727.00, 4
728.00, 4
729.00, 4
730.00, 4
731.00, 4
732.00, 4
733.00, 4
734.00, 4
735.00, 4
736.00, 4
737.00, 4
738.00, 4
739.00, 4
740.00, 4
741.00, 4
742.00, 4
743.00, 4
744.00, 4
745.00, 4
746.00, 4
747.00, 4
748.00, 4
749.00, 4
750.00, 4
751.00, 4
752.00, 4
753.00, 4
754.00, 4
755.00, 4
756.00, 4
757.00, 4
758.00, 4
759.00, 0
760.00, 0
761.00, 0
762.00, 0
763.00, 0
764.00, 0
765.00, 0
766.00, 0
767.00, 0
768.00, 0
769.00, 0
770.00, 0
771.00, 0
772.00, 0
773.00, 0
774.00, 0
775.00, 0
776.00, 0
777.00, 0
778.00, 0
779.00, 0
780.00, 0
781.00, 0
782.00, 2
783.00, 2
784.00, 2
785.00, 2
786.00, 2
787.00, 2
788.00, 2
789.00, 2
790.00, 2
791.00, 2
792.00, 2
793.00, 2
794.00, 2
795.00, 2
796.00, 2
797.00, 2
798.00, 2
799.00, 2
800.00, 2
801.00, 2
802.00, 2
803.00, 2
804.00, 2
805.00, 2
806.00, 2
807.00, 2
808.00, 2
809.00, 2
810.00, 2
811.00, 2
812.00, 2
813.00, 2
814.00, 2
815.00, 2
816.00, 2
817.00, 2
818.00, 2
819.00, 2
820.00, 2
821.00, 2
822.00, 2
823.00, 2
824.00, 2
825.00, 2
826.00, 2
827.00, 2
828.00, 2
829.00, 2
830.00, 2
831.00, 2
832.00, 2
833.00, 2
834.00, 2
835.00, 2
836.00, 2
837.00, 2
838.00, 2
839.00, 2
840.00, 2
841.00, 2
842.00, 2
843.00, 2
844.00, 2
845.00, 2
846.00, 2
847.00, 2
848.00, 2
849.00, 2
850.00, 2
851.00, 2
852.00, 2
853.00, 2
854.00, 2
855.00, 2
856.00, 2
857.00, 2
858.00, 2
859.00, 2
860.00, 2
861.00, 2
862.00, 2
863.00, 2
864.00, 2
865.00, 2
866.00, 2
867.00, 2
868.00, 2
869.00, 2
870.00, 2
871.00, 2
872.00, 2
873.00, 2
874.00, 2
875.00, 2
876.00, 2
877.00, 2
878.00, 2
879.00, 2
880.00, 2
881.00, 2
882.00, 2
883.00, 2
884.00, 2
885.00, 2
886.00, 2
887.00, 2
888.00, 2
889.00, 2
890.00, 2
891.00, 2
892.00, 2
893.00, 5
894.00, 5
895.00, 5
896.00, 5
897.00, 5
898.00, 5
899.00, 5
900.00, 5
901.00, 5
902.00, 5
903.00, 5
904.00, 5
905.00, 5
906.00, 5
907.00, 5
908.00, 5
909.00, 5
910.00, 5
911.00, 5
912.00, 5
913.00, 5
914.00, 5
915.00, 5
916.00, 5
917.00, 5
918.00, 5
919.00, 5
920.00, 5
921.00, 5
922.00, 5
923.00, 5
924.00, 5
925.00, 5
926.00, 5
927.00, 5
928.00, 5
929.00, 5
930.00, 5
931.00, 5
932.00, 5
933.00, 5
934.00, 5
935.00, 5
936.00, 5
937.00, 5
938.00, 3
939.00, 3
940.00, 3
941.00, 3
942.00, 3
943.00, 3
944.00, 3
945.00, 3
946.00, 3
947.00, 3
948.00, 3
949.00, 3
950.00, 3
951.00, 3
952.00, 3
953.00, 3
954.00, 3
955.00, 3
956.00, 3
957.00, 3
958.00, 3
959.00, 3
960.00, 3
961.00, 3
962.00, 3
963.00, 3
964.00, 3
965.00, 3
966.00, 3
967.00, 3
968.00, 3
969.00, 3
970.00, 3
971.00, 3
972.00, 3
973.00, 3
974.00, 4
975.00, 4
976.00, 4
977.00, 4
978.00, 4
979.00, 4
980.00, 4
981.00, 4
982.00, 4
983.00, 4
984.00, 4
985.00, 4
986.00, 4
987.00, 4
988.00, 4
989.00, 4
990.00, 4
991.00, 4
992.00, 4
993.00, 4
994.00, 4
995.00, 4
996.00, 4
997.00, 4
998.00, 4
999.00, 4