0.00, 3
1.00, 3
2.00, 3
3.00, 3
4.00, 3
5.00, 3
6.00, 3
7.00, 3
8.00, 3
9.00, 3
10.00, 3
11.00, 3
12.00, 3
13.00, 8
14.00, 8
15.00, 8
16.00, 8
17.00, 8
18.00, 8
19.00, 8
20.00, 8
21.00, 8
22.00, 1
23.00, 1
24.00, 1
25.00, 1
26.00, 1
27.00, 1
28.00, 1
29.00, 1
30.00, 1
31.00, 1
32.00, 1
33.00, 1
34.00, 1
35.00, 1
36.00, 1
37.00, 1
38.00, 1
39.00, 1
40.00, 1
41.00, 1
42.00, 1
43.00, 1
44.00, 1
45.00, 1
46.00, 1
47.00, 1
48.00, 1
49.00, 1
50.00, 1
51.00, 1
52.00, 1
53.00, 1
54.00, 1
55.00, 1
56.00, 1
57.00, 1
58.00, 1
59.00, 1
60.00, 1
61.00, 1
62.00, 1
63.00, 1
64.00, 1
65.00, 1
66.00, 1
67.00, 1
68.00, 1
69.00, 1
70.00, 1
71.00, 1
72.00, 1
73.00, 1
74.00, 1
75.00, 1
76.00, 1
77.00, 1
78.00, 1
79.00, 1
80.00, 1
81.00, 1
82.00, 1
83.00, 1
84.00, 1
85.00, 1
86.00, 1
87.00, 1
88.00, 1
89.00, 1
90.00, 1
91.00, 1
92.00, 1
93.00, 1
94.00, 1
95.00, 7
96.00, 7
97.00, 7
98.00, 7
99.00, 7
100.00, 7
101.00, 7
102.00, 7
103.00, 7
104.00, 7
105.00, 7
106.00, 7
107.00, 7
108.00, 7
109.00, 7
110.00, 7
111.00, 7
112.00, 7
113.00, 7
114.00, 7
115.00, 7
116.00, 7
117.00, 7
118.00, 7
119.00, 7
120.00, 7
121.00, 7
122.00, 7
123.00, 7
124.00, 6
125.00, 6
126.00, 6
127.00, 6
128.00, 6
129.00, 6
130.00, 6
131.00, 6
132.00, 6
133.00, 6
134.00, 6
135.00, 6
136.00, 6
137.00, 6
138.00, 6
139.00, 6
140.00, 6
141.00, 6
142.00, 6
143.00, 6
144.00, 6
145.00, 6
146.00, 6
147.00, 6
148.00, 6
149.00, 6
150.00, 6
151.00, 6
152.00, 6
153.00, 6
154.00, 6
155.00, 6
156.00, 6
157.00, 6
158.00, 6
159.00, 6
160.00, 6
161.00, 6
162.00, 6
163.00, 6
164.00, 6
165.00, 6
166.00, 6
167.00, 6
168.00, 6
169.00, 6
170.00, 6
171.00, 6
172.00, 6
173.00, 6
174.00, 0
175.00, 0
176.00, 0
177.00, 0
178.00, 0
179.00, 0
180.00, 0
181.00, 0
182.00, 0
183.00, 0
184.00, 0
185.00, 0
186.00, 0
187.00, 0
188.00, 0
189.00, 0
190.00, 0
191.00, 0
192.00, 0
193.00, 0
194.00, 0
195.00, 0
196.00, 0
197.00, 0
198.00, 0
199.00, 0
200.00, 0
201.00, 0
202.00, 0
203.00, 0
204.00, 0
205.00, 0
206.00, 5
207.00, 2
208.00, 2
209.00, 2
210.00, 2
211.00, 2
212.00, 2
213.00, 2
214.00, 2
215.00, 2
216.00, 2
217.00, 2
218.00, 2
219.00, 2
220.00, 2
221.00, 2
222.00, 2
223.00, 2
224.00, 2
225.00, 2
226.00, 2
227.00, 2
228.00, 2
229.00, 2
230.00, 2
231.00, 2
232.00, 2
233.00, 2
234.00, 2
235.00, 2
236.00, 2
237.00, 2
238.00, 2
239.00, 2
240.00, 5
241.00, 5
242.00, 5
243.00, 5
244.00, 5
245.00, 5
246.00, 5
247.00, 5
248.00, 5
249.00, 5
250.00, 5
251.00, 5
252.00, 5
253.00, 5
254.00, 5
255.00, 5
256.00, 5
257.00, 5
258.00, 5
259.00, 4
260.00, 4
261.00, 4
262.00, 4
263.00, 4
264.00, 4
265.00, 4
266.00, 4
267.00, 4
268.00, 4
269.00, 4
270.00, 4
271.00, 4
272.00, 4
273.00, 4
274.00, 4
275.00, 4
276.00, 4
277.00, 4
278.00, 4
279.00, 4
280.00, 4
281.00, 4
282.00, 4
283.00, 4
284.00, 4
285.00, 4
286.00, 4
287.00, 4
288.00, 4
289.00, 4
290.00, 4
291.00, 4
292.00, 4
293.00, 4
294.00, 4
295.00, 4
296.00, 4
297.00, 4
298.00, 4
299.00, 4
300.00, 4
301.00, 4
302.00, 4
303.00, 4
304.00, 4
305.00, 4
306.00, 4
307.00, 6
308.00, 6
309.00, 6
310.00, 6
311.00, 6
312.00, 6
313.00, 6
314.00, 6
315.00, 6
316.00, 6
317.00, 6
318.00, 6
319.00, 6
320.00, 6
321.00, 6
322.00, 6
323.00, 6
324.00, 6
325.00, 6
326.00, 6
327.00, 6
328.00, 6
329.00, 0
330.00, 0
331.00, 0
332.00, 0
333.00, 0
334.00, 0
335.00, 0
336.00, 0
337.00, 0
338.00, 0
339.00, 0
340.00, 0
341.00, 0
342.00, 0
343.00, 0
344.00, 0
345.00, 0
346.00, 0
347.00, 0
348.00, 0
349.00, 0
350.00, 7
351.00, 4
352.00, 4
353.00, 4
354.00, 4
355.00, 4
356.00, 4
357.00, 4
358.00, 4
359.00, 4
360.00, 4
361.00, 4
362.00, 4
363.00, 4
364.00, 4
365.00, 4
366.00, 4
367.00, 4
368.00, 4
369.00, 4
370.00, 4
371.00, 4
372.00, 4
373.00, 4
374.00, 4
375.00, 4
376.00, 4
377.00, 4
378.00, 4
379.00, 4
380.00, 4
381.00, 4
382.00, 4
383.00, 4
384.00, 4
385.00, 4
386.00, 4
387.00, 4
388.00, 4
389.00, 4
390.00, 4
391.00, 4
392.00, 4
393.00, 4
394.00, 0
395.00, 1
396.00, 1
397.00, 1
398.00, 1
399.00, 1
400.00, 1
401.00, 1
402.00, 1
403.00, 1
404.00, 1
405.00, 1
406.00, 1
407.00, 1
408.00, 1
409.00, 1
410.00, 1
411.00, 1
412.00, 1
413.00, 1
414.00, 1
415.00, 1
416.00, 1
417.00, 1
418.00, 1
419.00, 1
420.00, 1
421.00, 1
422.00, 1
423.00, 1
424.00, 1
425.00, 1
426.00, 1
427.00, 1
428.00, 1
429.00, 1
430.00, 1
431.00, 1
432.00, 8
433.00, 8
434.00, 8
435.00, 8
436.00, 8
437.00, 8
438.00, 8
439.00, 8
440.00, 8
441.00, 8
442.00, 8
443.00, 8
444.00, 8
445.00, 8
446.00, 8
447.00, 8
448.00, 8
449.00, 8
450.00, 8
451.00, 8
452.00, 8
453.00, 8
454.00, 8
455.00, 8
456.00, 8
457.00, 8
458.00, 8
459.00, 8
460.00, 8
461.00, 8
462.00, 8
463.00, 8
464.00, 8
465.00, 8
466.00, 8
467.00, 8
468.00, 8
469.00, 8
470.00, 8
471.00, 8
472.00, 8
473.00, 4
474.00, 4
475.00, 4
476.00, 4
477.00, 4
478.00, 4
479.00, 4
480.00, 4
481.00, 4
482.00, 4
483.00, 4
484.00, 4
485.00, 4
486.00, 4
487.00, 4
488.00, 4
489.00, 4
490.00, 4
491.00, 4
492.00, 4
493.00, 4
494.00, 8
495.00, 8
496.00, 8
497.00, 8
498.00, 8
499.00, 8
500.00, 8
501.00, 8
502.00, 8
503.00, 8
504.00, 8
505.00, 8
506.00, 8
507.00, 8
508.00, 8
509.00, 8
510.00, 8
511.00, 8
512.00, 8
513.00, 8
514.00, 8
515.00, 8
516.00, 8
517.00, 8
518.00, 8
519.00, 8
520.00, 8
521.00, 8
522.00, 8
523.00, 8
524.00, 8
525.00, 8
526.00, 8
527.00, 8
528.00, 8
529.00, 8
530.00, 8
531.00, 8
532.00, 8
533.00, 8
534.00, 8
535.00, 8
536.00, 8
537.00, 8
538.00, 8
539.00, 8
540.00, 8
541.00, 8
542.00, 8
543.00, 8
544.00, 8
545.00, 8
546.00, 8
547.00, 8
548.00, 8
549.00, 8
550.00, 8
551.00, 8
552.00, 8
553.00, 8
554.00, 8
555.00, 8
556.00, 8
557.00, 8
558.00, 8
559.00, 8
560.00, 8
561.00, 8
562.00, 8
563.00, 8
564.00, 8
565.00, 8
566.00, 8
567.00, 8
568.00, 8
569.00, 8
570.00, 8
571.00, 8
572.00, 8
573.00, 8
574.00, 8
575.00, 8
576.00, 8
577.00, 8
578.00, 8
579.00, 8
580.00, 8
581.00, 8
582.00, 3
583.00, 3
584.00, 3
585.00, 3
586.00, 3
587.00, 3
588.00, 3
589.00, 3
590.00, 3
591.00, 3
592.00, 3
593.00, 3
594.00, 3
595.00, 3
596.00, 3
597.00, 3
598.00, 3
599.00, 3
600.00, 3
601.00, 3
602.00, 3
603.00, 3
604.00, 3
605.00, 3
606.00, 3
607.00, 3
608.00, 3
609.00, 3
610.00, 3
611.00, 3
612.00, 3
613.00, 3
614.00, 3
615.00, 3
616.00, 3
617.00, 3
618.00, 3
619.00, 3
620.00, 3
621.00, 3
622.00, 3
623.00, 3
624.00, 3
625.00, 3
626.00, 3
627.00, 3
628.00, 3
629.00, 3
630.00, 3
631.00, 3
632.00, 3
633.00, 3
634.00, 3
635.00, 3
636.00, 3
637.00, 3
638.00, 3
639.00, 3
640.00, 3
641.00, 3
642.00, 3
643.00, 3
644.00, 3
645.00, 3
646.00, 3
647.00, 3
648.00, 3
649.00, 3
650.00, 3
651.00, 3
652.00, 3
653.00, 3
654.00, 3
655.00, 3
656.00, 3
657.00, 3
658.00, 3
659.00, 3
660.00, 3
661.00, 3
662.00, 3
663.00, 3
664.00, 3
665.00, 3
666.00, 3
667.00, 3
668.00, 3
669.00, 3
670.00, 3
671.00, 3
672.00, 3
673.00, 3
674.00, 3
675.00, 3
676.00, 8
677.00, 8
678.00, 8
679.00, 8
680.00, 8
681.00, 8
682.00, 8
683.00, 8
684.00, 8
685.00, 8
686.00, 8
687.00, 8
688.00, 8
689.00, 8
690.00, 8
691.00, 8
692.00, 8
693.00, 8
694.00, 8
695.00, 8
696.00, 8
697.00, 8
698.00, 8
699.00, 8
700.00, 8
701.00, 8
702.00, 1
703.00, 1
704.00, 1
705.00, 1
706.00, 1
707.00, 1
708.00, 1
709.00, 1
710.00, 1
711.00, 1
712.00, 1
713.00, 1
714.00, 1
715.00, 1
716.00, 1
717.00, 1
718.00, 1
719.00, 1
720.00, 1
721.00, 1
722.00, 1
723.00, 1
724.00, 1
725.00, 1
726.00, 1
727.00, 1
728.00, 1
729.00, 1
730.00, 7
731.00, 7
732.00, 7
733.00, 7
734.00, 7
735.00, 7
736.00, 7
737.00, 7
738.00, 7
739.00, 7
740.00, 7
741.00, 7
742.00, 7
743.00, 7
744.00, 7
745.00, 7
746.00, 7
747.00, 7
748.00, 1
749.00, 1
750.00, 1
751.00, 1
752.00, 1
753.00, 1
754.00, 1
755.00, 1
756.00, 1
757.00, 1
758.00, 1
759.00, 1
760.00, 1
761.00, 1
762.00, 1
763.00, 1
764.00, 1
765.00, 1
766.00, 1
767.00, 1
768.00, 1
769.00, 1
770.00, 1
771.00, 1
772.00, 1
773.00, 1
774.00, 1
775.00, 1
776.00, 1
777.00, 1
778.00, 1
779.00, 1
780.00, 1
781.00, 1
782.00, 1
783.00, 1
784.00, 1
785.00, 1
786.00, 1
787.00, 1
788.00, 1
789.00, 1
790.00, 1
791.00, 7
792.00, 7
793.00, 7
794.00, 7
795.00, 7
796.00, 7
797.00, 7
798.00, 7
799.00, 7
800.00, 7
801.00, 7
802.00, 7
803.00, 7
804.00, 7
805.00, 7
806.00, 7
807.00, 7
808.00, 7
809.00, 7
810.00, 7
811.00, 7
812.00, 7
813.00, 7
814.00, 7
815.00, 7
816.00, 7
817.00, 7
818.00, 7
819.00, 7
820.00, 7
821.00, 7
822.00, 7
823.00, 7
824.00, 7
825.00, 7
826.00, 7
827.00, 7
828.00, 7
829.00, 7
830.00, 7
831.00, 7
832.00, 7
833.00, 7
834.00, 7
835.00, 7
836.00, 7
837.00, 7
838.00, 7
839.00, 7
840.00, 7
841.00, 7
842.00, 7
843.00, 7
844.00, 7
845.00, 7
846.00, 7
847.00, 7
848.00, 7
849.00, 7
850.00, 7
851.00, 7
852.00, 7
853.00, 7
854.00, 7
855.00, 6
856.00, 6
857.00, 6
858.00, 6
859.00, 6
860.00, 6
861.00, 6
862.00, 6
863.00, 6
864.00, 6
865.00, 6
866.00, 6
867.00, 6
868.00, 6
869.00, 6
870.00, 6
871.00, 6
872.00, 6
873.00, 6
874.00, 6
875.00, 6
876.00, 4
877.00, 4
878.00, 4
879.00, 4
880.00, 4
881.00, 4
882.00, 4
883.00, 4
884.00, 4
885.00, 4
886.00, 4
887.00, 4
888.00, 4
889.00, 4
890.00, 4
891.00, 4
892.00, 4
893.00, 4
894.00, 4
895.00, 4
896.00, 4
897.00, 4
898.00, 0
899.00, 1
900.00, 1
901.00, 1
902.00, 1
903.00, 1
904.00, 1
905.00, 1
906.00, 1
907.00, 1
908.00, 1
909.00, 1
910.00, 1
911.00, 1
912.00, 1
913.00, 1
914.00, 1
915.00, 1
916.00, 1
917.00, 1
918.00, 1
919.00, 1
920.00, 1
921.00, 8
922.00, 8
923.00, 8
924.00, 8
925.00, 8
926.00, 8
927.00, 8
928.00, 8
929.00, 8
930.00, 8
931.00, 8
932.00, 8
933.00, 8
934.00, 8
935.00, 8
936.00, 8
937.00, 8
938.00, 8
939.00, 8
940.00, 3
941.00, 3
942.00, 3
943.00, 3
944.00, 3
945.00, 3
946.00, 3
947.00, 3
948.00, 3
949.00, 3
950.00, 3
951.00, 3
952.00, 3
953.00, 3
954.00, 3
955.00, 3
956.00, 3
957.00, 3
958.00, 3
959.00, 3
960.00, 3
961.00, 3
962.00, 3
963.00, 3
964.00, 3
965.00, 3
966.00, 3
967.00, 3
968.00, 3
969.00, 3
970.00, 3
971.00, 3
972.00, 3
973.00, 3
974.00, 3
975.00, 3
976.00, 3
977.00, 3
978.00, 8
979.00, 8
980.00, 8
981.00, 8
982.00, 8
983.00, 8
984.00, 8
985.00, 8
986.00, 8
987.00, 8
988.00, 8
989.00, 8
990.00, 8
991.00, 8
992.00, 8
993.00, 8
994.00, 8
995.00, 8
996.00, 8
997.00, 8
998.00, 8
999.00, 8