0.00, 8
1.00, 8
2.00, 8
3.00, 8
4.00, 8
5.00, 8
6.00, 8
7.00, 8
8.00, 8
9.00, 8
10.00, 8
11.00, 8
12.00, 8
13.00, 8
14.00, 8
15.00, 8
16.00, 8
17.00, 8
18.00, 8
19.00, 8
20.00, 8
21.00, 8
22.00, 3
23.00, 3
24.00, 3
25.00, 3
26.00, 3
27.00, 3
28.00, 3
29.00, 3
30.00, 3
31.00, 3
32.00, 3
33.00, 3
34.00, 3
35.00, 3
36.00, 3
37.00, 3
38.00, 3
39.00, 3
40.00, 3
41.00, 3
42.00, 3
43.00, 3
44.00, 3
45.00, 3
46.00, 3
47.00, 3
48.00, 3
49.00, 3
50.00, 3
51.00, 3
52.00, 3
53.00, 3
54.00, 3
55.00, 3
56.00, 3
57.00, 3
58.00, 3
59.00, 3
60.00, 3
61.00, 3
62.00, 3
63.00, 3
64.00, 3
65.00, 3
66.00, 3
67.00, 3
68.00, 3
69.00, 3
70.00, 3
71.00, 3
72.00, 3
73.00, 3
74.00, 3
75.00, 3
76.00, 3
77.00, 3
78.00, 3
79.00, 3
80.00, 3
81.00, 3
82.00, 3
83.00, 3
84.00, 3
85.00, 3
86.00, 3
87.00, 3
88.00, 3
89.00, 3
90.00, 3
91.00, 3
92.00, 3
93.00, 3
94.00, 3
95.00, 3
96.00, 3
97.00, 3
98.00, 3
99.00, 3
100.00, 3
101.00, 3
102.00, 3
103.00, 3
104.00, 3
105.00, 3
106.00, 3
107.00, 3
108.00, 3
109.00, 3
110.00, 3
111.00, 3
112.00, 3
113.00, 3
114.00, 3
115.00, 3
116.00, 3
117.00, 3
118.00, 3
119.00, 3
120.00, 3
121.00, 3
122.00, 3
123.00, 3
124.00, 3
125.00, 3
126.00, 3
127.00, 3
128.00, 3
129.00, 3
130.00, 3
131.00, 4
132.00, 4
133.00, 4
134.00, 4
135.00, 4
136.00, 4
137.00, 4
138.00, 4
139.00, 4
140.00, 4
141.00, 4
142.00, 4
143.00, 4
144.00, 4
145.00, 8
146.00, 8
147.00, 8
148.00, 8
149.00, 8
150.00, 8
151.00, 8
152.00, 8
153.00, 8
154.00, 8
155.00, 8
156.00, 8
157.00, 8
158.00, 8
159.00, 8
160.00, 8
161.00, 8
162.00, 8
163.00, 8
164.00, 8
165.00, 8
166.00, 8
167.00, 8
168.00, 8
169.00, 8
170.00, 8
171.00, 8
172.00, 8
173.00, 8
174.00, 8
175.00, 8
176.00, 8
177.00, 8
178.00, 8
179.00, 8
180.00, 8
181.00, 8
182.00, 8
183.00, 8
184.00, 8
185.00, 8
186.00, 8
187.00, 8
188.00, 8
189.00, 8
190.00, 8
191.00, 8
192.00, 8
193.00, 8
194.00, 8
195.00, 8
196.00, 8
197.00, 8
198.00, 8
199.00, 8
200.00, 8
201.00, 8
202.00, 8
203.00, 8
204.00, 8
205.00, 8
206.00, 8
207.00, 8
208.00, 8
209.00, 8
210.00, 8
211.00, 8
212.00, 8
213.00, 8
214.00, 8
215.00, 8
216.00, 8
217.00, 8
218.00, 8
219.00, 8
220.00, 8
221.00, 8
222.00, 8
223.00, 8
224.00, 8
225.00, 8
226.00, 8
227.00, 8
228.00, 8
229.00, 8
230.00, 8
231.00, 8
232.00, 8
233.00, 8
234.00, 8
235.00, 8
236.00, 8
237.00, 8
238.00, 4
239.00, 4
240.00, 4
241.00, 4
242.00, 4
243.00, 4
244.00, 4
245.00, 4
246.00, 4
247.00, 4
248.00, 4
249.00, 4
250.00, 4
251.00, 4
252.00, 4
253.00, 4
254.00, 4
255.00, 4
256.00, 4
257.00, 4
258.00, 4
259.00, 4
260.00, 4
261.00, 4
262.00, 4
263.00, 4
264.00, 4
265.00, 4
266.00, 4
267.00, 4
268.00, 4
269.00, 4
270.00, 4
271.00, 8
272.00, 8
273.00, 8
274.00, 8
275.00, 8
276.00, 8
277.00, 8
278.00, 8
279.00, 8
280.00, 8
281.00, 8
282.00, 8
283.00, 8
284.00, 8
285.00, 8
286.00, 8
287.00, 8
288.00, 8
289.00, 8
290.00, 8
291.00, 8
292.00, 8
293.00, 8
294.00, 3
295.00, 3
296.00, 3
297.00, 3
298.00, 3
299.00, 3
300.00, 3
301.00, 3
302.00, 3
303.00, 3
304.00, 3
305.00, 3
306.00, 3
307.00, 3
308.00, 3
309.00, 3
310.00, 3
311.00, 3
312.00, 3
313.00, 3
314.00, 3
315.00, 3
316.00, 3
317.00, 3
318.00, 3
319.00, 3
320.00, 3
321.00, 3
322.00, 3
323.00, 3
324.00, 3
325.00, 3
326.00, 3
327.00, 3
328.00, 3
329.00, 3
330.00, 3
331.00, 3
332.00, 3
333.00, 3
334.00, 3
335.00, 3
336.00, 3
337.00, 3
338.00, 3
339.00, 3
340.00, 3
341.00, 3
342.00, 3
343.00, 3
344.00, 3
345.00, 3
346.00, 3
347.00, 3
348.00, 3
349.00, 3
350.00, 3
351.00, 3
352.00, 3
353.00, 3
354.00, 3
355.00, 3
356.00, 3
357.00, 3
358.00, 3
359.00, 3
360.00, 3
361.00, 3
362.00, 3
363.00, 3
364.00, 3
365.00, 3
366.00, 3
367.00, 3
368.00, 3
369.00, 3
370.00, 3
371.00, 3
372.00, 3
373.00, 3
374.00, 3
375.00, 3
376.00, 3
377.00, 3
378.00, 3
379.00, 3
380.00, 3
381.00, 3
382.00, 3
383.00, 3
384.00, 3
385.00, 3
386.00, 3
387.00, 3
388.00, 3
389.00, 3
390.00, 3
391.00, 3
392.00, 3
393.00, 3
394.00, 3
395.00, 3
396.00, 3
397.00, 3
398.00, 3
399.00, 3
400.00, 3
401.00, 3
402.00, 3
403.00, 3
404.00, 3
405.00, 3
406.00, 3
407.00, 3
408.00, 3
409.00, 3
410.00, 3
411.00, 8
412.00, 8
413.00, 8
414.00, 8
415.00, 8
416.00, 8
417.00, 8
418.00, 8
419.00, 8
420.00, 8
421.00, 8
422.00, 8
423.00, 8
424.00, 8
425.00, 8
426.00, 8
427.00, 8
428.00, 8
429.00, 8
430.00, 8
431.00, 8
432.00, 8
433.00, 8
434.00, 8
435.00, 8
436.00, 8
437.00, 8
438.00, 8
439.00, 8
440.00, 8
441.00, 8
442.00, 8
443.00, 8
444.00, 8
445.00, 8
446.00, 8
447.00, 8
448.00, 8
449.00, 8
450.00, 1
451.00, 1
452.00, 1
453.00, 1
454.00, 1
455.00, 1
456.00, 1
457.00, 1
458.00, 1
459.00, 1
460.00, 1
461.00, 1
462.00, 1
463.00, 1
464.00, 1
465.00, 1
466.00, 1
467.00, 1
468.00, 1
469.00, 1
470.00, 1
471.00, 1
472.00, 1
473.00, 1
474.00, 1
475.00, 1
476.00, 1
477.00, 1
478.00, 1
479.00, 8
480.00, 8
481.00, 8
482.00, 8
483.00, 8
484.00, 8
485.00, 8
486.00, 8
487.00, 8
488.00, 8
489.00, 8
490.00, 8
491.00, 8
492.00, 8
493.00, 8
494.00, 8
495.00, 8
496.00, 8
497.00, 8
498.00, 8
499.00, 8
500.00, 8
501.00, 8
502.00, 8
503.00, 8
504.00, 8
505.00, 8
506.00, 8
507.00, 8
508.00, 8
509.00, 8
510.00, 8
511.00, 8
512.00, 8
513.00, 8
514.00, 8
515.00, 8
516.00, 8
517.00, 8
518.00, 8
519.00, 8
520.00, 8
521.00, 8
522.00, 8
523.00, 8
524.00, 8
525.00, 8
526.00, 8
527.00, 8
528.00, 8
529.00, 8
530.00, 8
531.00, 8
532.00, 8
533.00, 8
534.00, 8
535.00, 8
536.00, 8
537.00, 8
538.00, 8
539.00, 8
540.00, 8
541.00, 8
542.00, 8
543.00, 8
544.00, 8
545.00, 8
546.00, 8
547.00, 8
548.00, 8
549.00, 8
550.00, 8
551.00, 8
552.00, 8
553.00, 8
554.00, 8
555.00, 8
556.00, 8
557.00, 8
558.00, 8
559.00, 8
560.00, 8
561.00, 8
562.00, 8
563.00, 8
564.00, 8
565.00, 8
566.00, 8
567.00, 8
568.00, 8
569.00, 8
570.00, 8
571.00, 8
572.00, 8
573.00, 8
574.00, 8
575.00, 8
576.00, 8
577.00, 8
578.00, 8
579.00, 8
580.00, 8
581.00, 8
582.00, 8
583.00, 8
584.00, 8
585.00, 8
586.00, 8
587.00, 8
588.00, 8
589.00, 8
590.00, 8
591.00, 8
592.00, 8
593.00, 8
594.00, 1
595.00, 1
596.00, 1
597.00, 1
598.00, 1
599.00, 1
600.00, 1
601.00, 1
602.00, 1
603.00, 1
604.00, 1
605.00, 1
606.00, 1
607.00, 1
608.00, 1
609.00, 1
610.00, 1
611.00, 1
612.00, 1
613.00, 1
614.00, 1
615.00, 1
616.00, 1
617.00, 1
618.00, 1
619.00, 1
620.00, 1
621.00, 1
622.00, 1
623.00, 1
624.00, 1
625.00, 1
626.00, 1
627.00, 1
628.00, 1
629.00, 1
630.00, 7
631.00, 7
632.00, 7
633.00, 7
634.00, 7
635.00, 7
636.00, 7
637.00, 7
638.00, 7
639.00, 7
640.00, 7
641.00, 7
642.00, 7
643.00, 7
644.00, 7
645.00, 7
646.00, 7
647.00, 7
648.00, 7
649.00, 7
650.00, 7
651.00, 7
652.00, 7
653.00, 7
654.00, 7
655.00, 7
656.00, 7
657.00, 7
658.00, 7
659.00, 7
660.00, 6
661.00, 6
662.00, 6
663.00, 6
664.00, 6
665.00, 6
666.00, 6
667.00, 6
668.00, 6
669.00, 6
670.00, 6
671.00, 6
672.00, 6
673.00, 6
674.00, 6
675.00, 6
676.00, 6
677.00, 6
678.00, 6
679.00, 6
680.00, 6
681.00, 6
682.00, 6
683.00, 6
684.00, 6
685.00, 6
686.00, 6
687.00, 6
688.00, 6
689.00, 6
690.00, 6
691.00, 6
692.00, 6
693.00, 4
694.00, 4
695.00, 4
696.00, 4
697.00, 4
698.00, 4
699.00, 4
700.00, 4
701.00, 4
702.00, 4
703.00, 4
704.00, 4
705.00, 4
706.00, 4
707.00, 4
708.00, 4
709.00, 4
710.00, 4
711.00, 4
712.00, 4
713.00, 4
714.00, 4
715.00, 4
716.00, 4
717.00, 4
718.00, 4
719.00, 4
720.00, 4
721.00, 4
722.00, 4
723.00, 1
724.00, 1
725.00, 1
726.00, 1
727.00, 1
728.00, 1
729.00, 1
730.00, 1
731.00, 1
732.00, 1
733.00, 1
734.00, 1
735.00, 1
736.00, 1
737.00, 1
738.00, 1
739.00, 1
740.00, 1
741.00, 1
742.00, 1
743.00, 1
744.00, 1
745.00, 1
746.00, 1
747.00, 1
748.00, 1
749.00, 1
750.00, 8
751.00, 8
752.00, 8
753.00, 8
754.00, 8
755.00, 8
756.00, 8
757.00, 8
758.00, 8
759.00, 8
760.00, 8
761.00, 8
762.00, 8
763.00, 8
764.00, 8
765.00, 8
766.00, 8
767.00, 8
768.00, 8
769.00, 8
770.00, 8
771.00, 8
772.00, 8
773.00, 8
774.00, 8
775.00, 8
776.00, 8
777.00, 8
778.00, 8
779.00, 8
780.00, 8
781.00, 8
782.00, 8
783.00, 8
784.00, 8
785.00, 8
786.00, 8
787.00, 8
788.00, 4
789.00, 4
790.00, 4
791.00, 4
792.00, 4
793.00, 4
794.00, 4
795.00, 4
796.00, 4
797.00, 8
798.00, 8
799.00, 8
800.00, 8
801.00, 8
802.00, 8
803.00, 8
804.00, 8
805.00, 8
806.00, 8
807.00, 8
808.00, 8
809.00, 8
810.00, 8
811.00, 8
812.00, 8
813.00, 8
814.00, 8
815.00, 8
816.00, 8
817.00, 8
818.00, 8
819.00, 8
820.00, 8
821.00, 8
822.00, 8
823.00, 8
824.00, 8
825.00, 8
826.00, 8
827.00, 8
828.00, 8
829.00, 8
830.00, 8
831.00, 8
832.00, 8
833.00, 8
834.00, 8
835.00, 8
836.00, 8
837.00, 8
838.00, 8
839.00, 8
840.00, 8
841.00, 8
842.00, 8
843.00, 8
844.00, 1
845.00, 1
846.00, 1
847.00, 1
848.00, 1
849.00, 1
850.00, 1
851.00, 1
852.00, 1
853.00, 1
854.00, 1
855.00, 1
856.00, 1
857.00, 1
858.00, 4
859.00, 4
860.00, 4
861.00, 4
862.00, 4
863.00, 4
864.00, 4
865.00, 4
866.00, 4
867.00, 4
868.00, 4
869.00, 4
870.00, 4
871.00, 4
872.00, 4
873.00, 4
874.00, 4
875.00, 4
876.00, 4
877.00, 4
878.00, 4
879.00, 4
880.00, 4
881.00, 4
882.00, 4
883.00, 4
884.00, 1
885.00, 1
886.00, 1
887.00, 1
888.00, 1
889.00, 1
890.00, 1
891.00, 1
892.00, 1
893.00, 1
894.00, 1
895.00, 1
896.00, 1
897.00, 1
898.00, 1
899.00, 1
900.00, 1
901.00, 1
902.00, 1
903.00, 1
904.00, 1
905.00, 1
906.00, 1
907.00, 1
908.00, 1
909.00, 1
910.00, 1
911.00, 1
912.00, 1
913.00, 1
914.00, 1
915.00, 8
916.00, 8
917.00, 8
918.00, 8
919.00, 8
920.00, 8
921.00, 8
922.00, 8
923.00, 8
924.00, 8
925.00, 8
926.00, 8
927.00, 8
928.00, 8
929.00, 8
930.00, 8
931.00, 8
932.00, 8
933.00, 8
934.00, 8
935.00, 8
936.00, 8
937.00, 8
938.00, 8
939.00, 8
940.00, 8
941.00, 8
942.00, 8
943.00, 8
944.00, 8
945.00, 8
946.00, 8
947.00, 8
948.00, 8
949.00, 8
950.00, 8
951.00, 8
952.00, 8
953.00, 8
954.00, 8
955.00, 8
956.00, 3
957.00, 3
958.00, 3
959.00, 3
960.00, 3
961.00, 3
962.00, 3
963.00, 3
964.00, 3
965.00, 3
966.00, 3
967.00, 3
968.00, 3
969.00, 3
970.00, 3
971.00, 3
972.00, 3
973.00, 3
974.00, 3
975.00, 3
976.00, 3
977.00, 3
978.00, 4
979.00, 4
980.00, 4
981.00, 4
982.00, 4
983.00, 4
984.00, 4
985.00, 4
986.00, 4
987.00, 4
988.00, 4
989.00, 4
990.00, 4
991.00, 4
992.00, 4
993.00, 4
994.00, 4
995.00, 4
996.00, 4
997.00, 4
998.00, 4
999.00, 4