0.00, 3
1.00, 3
2.00, 3
3.00, 3
4.00, 3
5.00, 3
6.00, 3
7.00, 3
8.00, 3
9.00, 3
10.00, 3
11.00, 3
12.00, 3
13.00, 3
14.00, 3
15.00, 3
16.00, 3
17.00, 3
18.00, 3
19.00, 3
20.00, 3
21.00, 3
22.00, 3
23.00, 3
24.00, 8
25.00, 8
26.00, 8
27.00, 8
28.00, 8
29.00, 8
30.00, 8
31.00, 8
32.00, 8
33.00, 8
34.00, 8
35.00, 8
36.00, 8
37.00, 8
38.00, 8
39.00, 8
40.00, 8
41.00, 8
42.00, 8
43.00, 8
44.00, 8
45.00, 8
46.00, 8
47.00, 8
48.00, 8
49.00, 8
50.00, 8
51.00, 8
52.00, 8
53.00, 8
54.00, 8
55.00, 8
56.00, 8
57.00, 8
58.00, 8
59.00, 8
60.00, 8
61.00, 8
62.00, 8
63.00, 8
64.00, 8
65.00, 8
66.00, 8
67.00, 8
68.00, 8
69.00, 8
70.00, 8
71.00, 8
72.00, 8
73.00, 8
74.00, 8
75.00, 1
76.00, 1
77.00, 1
78.00, 1
79.00, 1
80.00, 1
81.00, 1
82.00, 1
83.00, 1
84.00, 1
85.00, 1
86.00, 1
87.00, 1
88.00, 1
89.00, 1
90.00, 1
91.00, 1
92.00, 1
93.00, 1
94.00, 1
95.00, 1
96.00, 1
97.00, 1
98.00, 1
99.00, 1
100.00, 1
101.00, 1
102.00, 1
103.00, 1
104.00, 1
105.00, 1
106.00, 8
107.00, 8
108.00, 8
109.00, 8
110.00, 8
111.00, 8
112.00, 8
113.00, 8
114.00, 8
115.00, 8
116.00, 8
117.00, 8
118.00, 8
119.00, 8
120.00, 8
121.00, 8
122.00, 8
123.00, 8
124.00, 8
125.00, 8
126.00, 8
127.00, 8
128.00, 8
129.00, 8
130.00, 8
131.00, 8
132.00, 8
133.00, 8
134.00, 8
135.00, 8
136.00, 8
137.00, 8
138.00, 8
139.00, 8
140.00, 8
141.00, 8
142.00, 8
143.00, 8
144.00, 8
145.00, 8
146.00, 8
147.00, 8
148.00, 8
149.00, 8
150.00, 8
151.00, 8
152.00, 8
153.00, 8
154.00, 8
155.00, 8
156.00, 8
157.00, 8
158.00, 8
159.00, 8
160.00, 8
161.00, 3
162.00, 3
163.00, 3
164.00, 3
165.00, 3
166.00, 3
167.00, 3
168.00, 3
169.00, 3
170.00, 3
171.00, 3
172.00, 3
173.00, 3
174.00, 3
175.00, 3
176.00, 3
177.00, 3
178.00, 3
179.00, 3
180.00, 3
181.00, 3
182.00, 3
183.00, 3
184.00, 3
185.00, 3
186.00, 3
187.00, 3
188.00, 3
189.00, 4
190.00, 4
191.00, 4
192.00, 4
193.00, 4
194.00, 4
195.00, 4
196.00, 4
197.00, 4
198.00, 4
199.00, 4
200.00, 4
201.00, 4
202.00, 4
203.00, 4
204.00, 4
205.00, 4
206.00, 4
207.00, 4
208.00, 4
209.00, 4
210.00, 4
211.00, 4
212.00, 4
213.00, 4
214.00, 4
215.00, 4
216.00, 1
217.00, 1
218.00, 1
219.00, 1
220.00, 1
221.00, 1
222.00, 1
223.00, 1
224.00, 1
225.00, 1
226.00, 4
227.00, 4
228.00, 4
229.00, 4
230.00, 4
231.00, 4
232.00, 4
233.00, 4
234.00, 4
235.00, 4
236.00, 4
237.00, 4
238.00, 4
239.00, 4
240.00, 4
241.00, 4
242.00, 4
243.00, 4
244.00, 4
245.00, 4
246.00, 4
247.00, 4
248.00, 4
249.00, 4
250.00, 2
251.00, 2
252.00, 2
253.00, 2
254.00, 2
255.00, 2
256.00, 2
257.00, 2
258.00, 2
259.00, 2
260.00, 2
261.00, 2
262.00, 2
263.00, 2
264.00, 2
265.00, 2
266.00, 2
267.00, 2
268.00, 2
269.00, 2
270.00, 2
271.00, 2
272.00, 2
273.00, 2
274.00, 2
275.00, 2
276.00, 2
277.00, 2
278.00, 2
279.00, 2
280.00, 2
281.00, 2
282.00, 2
283.00, 2
284.00, 2
285.00, 2
286.00, 2
287.00, 2
288.00, 2
289.00, 2
290.00, 2
291.00, 2
292.00, 2
293.00, 2
294.00, 2
295.00, 2
296.00, 2
297.00, 2
298.00, 2
299.00, 2
300.00, 2
301.00, 2
302.00, 2
303.00, 2
304.00, 2
305.00, 2
306.00, 2
307.00, 2
308.00, 2
309.00, 2
310.00, 2
311.00, 2
312.00, 2
313.00, 2
314.00, 2
315.00, 2
316.00, 2
317.00, 2
318.00, 2
319.00, 2
320.00, 2
321.00, 2
322.00, 2
323.00, 2
324.00, 2
325.00, 2
326.00, 2
327.00, 2
328.00, 2
329.00, 2
330.00, 2
331.00, 2
332.00, 2
333.00, 2
334.00, 2
335.00, 2
336.00, 2
337.00, 2
338.00, 2
339.00, 2
340.00, 2
341.00, 2
342.00, 2
343.00, 2
344.00, 2
345.00, 2
346.00, 2
347.00, 2
348.00, 2
349.00, 2
350.00, 2
351.00, 2
352.00, 2
353.00, 2
354.00, 2
355.00, 2
356.00, 2
357.00, 2
358.00, 5
359.00, 5
360.00, 5
361.00, 5
362.00, 5
363.00, 5
364.00, 5
365.00, 5
366.00, 5
367.00, 5
368.00, 5
369.00, 5
370.00, 5
371.00, 5
372.00, 5
373.00, 5
374.00, 5
375.00, 5
376.00, 5
377.00, 5
378.00, 5
379.00, 5
380.00, 5
381.00, 5
382.00, 5
383.00, 5
384.00, 5
385.00, 5
386.00, 5
387.00, 5
388.00, 5
389.00, 5
390.00, 5
391.00, 5
392.00, 5
393.00, 5
394.00, 5
395.00, 5
396.00, 5
397.00, 5
398.00, 5
399.00, 5
400.00, 5
401.00, 5
402.00, 5
403.00, 5
404.00, 5
405.00, 5
406.00, 5
407.00, 5
408.00, 5
409.00, 5
410.00, 5
411.00, 5
412.00, 5
413.00, 5
414.00, 5
415.00, 5
416.00, 5
417.00, 3
418.00, 3
419.00, 3
420.00, 3
421.00, 3
422.00, 3
423.00, 3
424.00, 3
425.00, 3
426.00, 3
427.00, 3
428.00, 3
429.00, 3
430.00, 3
431.00, 3
432.00, 3
433.00, 3
434.00, 3
435.00, 3
436.00, 3
437.00, 3
438.00, 3
439.00, 3
440.00, 4
441.00, 4
442.00, 4
443.00, 4
444.00, 4
445.00, 4
446.00, 4
447.00, 4
448.00, 4
449.00, 4
450.00, 4
451.00, 4
452.00, 4
453.00, 4
454.00, 4
455.00, 4
456.00, 4
457.00, 4
458.00, 4
459.00, 4
460.00, 4
461.00, 4
462.00, 4
463.00, 4
464.00, 4
465.00, 4
466.00, 4
467.00, 4
468.00, 4
469.00, 4
470.00, 4
471.00, 4
472.00, 4
473.00, 4
474.00, 4
475.00, 4
476.00, 4
477.00, 4
478.00, 4
479.00, 4
480.00, 4
481.00, 8
482.00, 8
483.00, 8
484.00, 8
485.00, 8
486.00, 8
487.00, 8
488.00, 8
489.00, 8
490.00, 8
491.00, 8
492.00, 8
493.00, 8
494.00, 8
495.00, 8
496.00, 8
497.00, 8
498.00, 8
499.00, 8
500.00, 8
501.00, 8
502.00, 8
503.00, 8
504.00, 8
505.00, 8
506.00, 8
507.00, 8
508.00, 8
509.00, 8
510.00, 8
511.00, 8
512.00, 8
513.00, 8
514.00, 8
515.00, 8
516.00, 8
517.00, 1
518.00, 1
519.00, 1
520.00, 1
521.00, 1
522.00, 1
523.00, 1
524.00, 1
525.00, 1
526.00, 1
527.00, 1
528.00, 1
529.00, 1
530.00, 1
531.00, 1
532.00, 1
533.00, 1
534.00, 1
535.00, 1
536.00, 1
537.00, 1
538.00, 1
539.00, 1
540.00, 1
541.00, 1
542.00, 1
543.00, 1
544.00, 1
545.00, 1
546.00, 1
547.00, 1
548.00, 1
549.00, 1
550.00, 1
551.00, 1
552.00, 1
553.00, 1
554.00, 1
555.00, 1
556.00, 1
557.00, 1
558.00, 1
559.00, 1
560.00, 1
561.00, 1
562.00, 1
563.00, 1
564.00, 1
565.00, 1
566.00, 1
567.00, 1
568.00, 1
569.00, 1
570.00, 1
571.00, 1
572.00, 7
573.00, 7
574.00, 7
575.00, 7
576.00, 7
577.00, 7
578.00, 7
579.00, 7
580.00, 7
581.00, 7
582.00, 7
583.00, 7
584.00, 7
585.00, 7
586.00, 7
587.00, 7
588.00, 7
589.00, 7
590.00, 7
591.00, 7
592.00, 7
593.00, 7
594.00, 7
595.00, 7
596.00, 7
597.00, 7
598.00, 7
599.00, 7
600.00, 7
601.00, 7
602.00, 7
603.00, 7
604.00, 7
605.00, 7
606.00, 7
607.00, 7
608.00, 7
609.00, 7
610.00, 7
611.00, 7
612.00, 7
613.00, 7
614.00, 7
615.00, 7
616.00, 7
617.00, 7
618.00, 7
619.00, 7
620.00, 7
621.00, 7
622.00, 7
623.00, 7
624.00, 7
625.00, 7
626.00, 7
627.00, 7
628.00, 7
629.00, 7
630.00, 7
631.00, 7
632.00, 7
633.00, 7
634.00, 7
635.00, 7
636.00, 7
637.00, 7
638.00, 7
639.00, 7
640.00, 7
641.00, 7
642.00, 7
643.00, 7
644.00, 7
645.00, 7
646.00, 7
647.00, 7
648.00, 7
649.00, 7
650.00, 7
651.00, 7
652.00, 7
653.00, 7
654.00, 7
655.00, 7
656.00, 7
657.00, 7
658.00, 7
659.00, 7
660.00, 7
661.00, 7
662.00, 7
663.00, 7
664.00, 7
665.00, 7
666.00, 7
667.00, 1
668.00, 1
669.00, 1
670.00, 1
671.00, 1
672.00, 1
673.00, 1
674.00, 1
675.00, 1
676.00, 1
677.00, 1
678.00, 1
679.00, 1
680.00, 1
681.00, 1
682.00, 1
683.00, 1
684.00, 1
685.00, 1
686.00, 1
687.00, 1
688.00, 1
689.00, 1
690.00, 1
691.00, 1
692.00, 1
693.00, 1
694.00, 1
695.00, 1
696.00, 1
697.00, 1
698.00, 1
699.00, 1
700.00, 1
701.00, 1
702.00, 1
703.00, 1
704.00, 1
705.00, 1
706.00, 1
707.00, 1
708.00, 1
709.00, 1
710.00, 1
711.00, 1
712.00, 1
713.00, 1
714.00, 1
715.00, 1
716.00, 1
717.00, 1
718.00, 1
719.00, 1
720.00, 1
721.00, 1
722.00, 1
723.00, 1
724.00, 1
725.00, 1
726.00, 1
727.00, 1
728.00, 1
729.00, 1
730.00, 1
731.00, 1
732.00, 1
733.00, 1
734.00, 1
735.00, 1
736.00, 1
737.00, 1
738.00, 1
739.00, 1
740.00, 1
741.00, 1
742.00, 1
743.00, 1
744.00, 1
745.00, 1
746.00, 1
747.00, 1
748.00, 1
749.00, 1
750.00, 1
751.00, 1
752.00, 1
753.00, 1
754.00, 1
755.00, 1
756.00, 1
757.00, 1
758.00, 1
759.00, 1
760.00, 1
761.00, 1
762.00, 1
763.00, 1
764.00, 1
765.00, 1
766.00, 1
767.00, 1
768.00, 1
769.00, 1
770.00, 1
771.00, 1
772.00, 1
773.00, 1
774.00, 1
775.00, 1
776.00, 1
777.00, 1
778.00, 1
779.00, 1
780.00, 1
781.00, 1
782.00, 1
783.00, 1
784.00, 1
785.00, 1
786.00, 1
787.00, 1
788.00, 1
789.00, 1
790.00, 1
791.00, 1
792.00, 1
793.00, 1
794.00, 1
795.00, 1
796.00, 1
797.00, 1
798.00, 1
799.00, 1
800.00, 1
801.00, 1
802.00, 1
803.00, 1
804.00, 1
805.00, 1
806.00, 1
807.00, 1
808.00, 1
809.00, 1
810.00, 1
811.00, 1
812.00, 1
813.00, 1
814.00, 1
815.00, 1
816.00, 1
817.00, 7
818.00, 7
819.00, 7
820.00, 7
821.00, 7
822.00, 7
823.00, 7
824.00, 7
825.00, 7
826.00, 7
827.00, 7
828.00, 7
829.00, 7
830.00, 7
831.00, 7
832.00, 7
833.00, 7
834.00, 7
835.00, 7
836.00, 7
837.00, 7
838.00, 1
839.00, 1
840.00, 1
841.00, 1
842.00, 1
843.00, 1
844.00, 1
845.00, 1
846.00, 1
847.00, 1
848.00, 1
849.00, 1
850.00, 1
851.00, 1
852.00, 1
853.00, 1
854.00, 1
855.00, 1
856.00, 1
857.00, 1
858.00, 1
859.00, 1
860.00, 1
861.00, 1
862.00, 1
863.00, 1
864.00, 1
865.00, 1
866.00, 1
867.00, 1
868.00, 1
869.00, 7
870.00, 7
871.00, 7
872.00, 7
873.00, 7
874.00, 7
875.00, 7
876.00, 7
877.00, 7
878.00, 7
879.00, 7
880.00, 7
881.00, 7
882.00, 7
883.00, 7
884.00, 7
885.00, 7
886.00, 7
887.00, 7
888.00, 7
889.00, 7
890.00, 7
891.00, 7
892.00, 7
893.00, 7
894.00, 7
895.00, 7
896.00, 7
897.00, 7
898.00, 7
899.00, 7
900.00, 7
901.00, 7
902.00, 7
903.00, 7
904.00, 7
905.00, 7
906.00, 7
907.00, 7
908.00, 7
909.00, 7
910.00, 7
911.00, 7
912.00, 7
913.00, 7
914.00, 7
915.00, 7
916.00, 7
917.00, 7
918.00, 7
919.00, 7
920.00, 7
921.00, 7
922.00, 7
923.00, 7
924.00, 7
925.00, 7
926.00, 7
927.00, 7
928.00, 7
929.00, 7
930.00, 7
931.00, 7
932.00, 7
933.00, 7
934.00, 7
935.00, 7
936.00, 7
937.00, 7
938.00, 7
939.00, 7
940.00, 7
941.00, 7
942.00, 7
943.00, 7
944.00, 7
945.00, 7
946.00, 7
947.00, 7
948.00, 7
949.00, 7
950.00, 7
951.00, 7
952.00, 7
953.00, 7
954.00, 7
955.00, 7
956.00, 7
957.00, 7
958.00, 7
959.00, 7
960.00, 7
961.00, 7
962.00, 7
963.00, 7
964.00, 7
965.00, 7
966.00, 7
967.00, 7
968.00, 7
969.00, 7
970.00, 7
971.00, 7
972.00, 7
973.00, 7
974.00, 7
975.00, 7
976.00, 7
977.00, 7
978.00, 7
979.00, 7
980.00, 7
981.00, 7
982.00, 7
983.00, 7
984.00, 7
985.00, 7
986.00, 7
987.00, 7
988.00, 7
989.00, 7
990.00, 7
991.00, 7
992.00, 7
993.00, 7
994.00, 7
995.00, 7
996.00, 7
997.00, 7
998.00, 7
999.00, 7