2.00, 8
3.00, 8
4.00, 8
5.00, 8
6.00, 8
7.00, 8
8.00, 8
9.00, 8
10.00, 8
11.00, 8
12.00, 8
13.00, 8
14.00, 8
15.00, 8
16.00, 8
17.00, 8
18.00, 8
19.00, 8
20.00, 8
21.00, 8
22.00, 8
23.00, 8
24.00, 8
25.00, 8
26.00, 8
27.00, 8
28.00, 8
29.00, 8
30.00, 8
31.00, 8
32.00, 8
33.00, 8
34.00, 8
35.00, 8
36.00, 8
37.00, 8
38.00, 8
39.00, 8
40.00, 8
41.00, 8
42.00, 8
43.00, 8
44.00, 8
45.00, 8
46.00, 8
47.00, 8
48.00, 8
49.00, 8
50.00, 8
51.00, 8
52.00, 8
53.00, 8
54.00, 8
55.00, 8
56.00, 8
57.00, 8
58.00, 8
59.00, 8
60.00, 8
61.00, 8
62.00, 8
63.00, 8
64.00, 8
65.00, 8
66.00, 8
67.00, 8
68.00, 8
69.00, 8
70.00, 0
71.00, 4
72.00, 4
73.00, 4
74.00, 4
75.00, 4
76.00, 4
77.00, 4
78.00, 4
79.00, 4
80.00, 4
81.00, 4
82.00, 4
83.00, 4
84.00, 4
85.00, 4
86.00, 4
87.00, 4
88.00, 4
89.00, 4
90.00, 4
91.00, 4
92.00, 4
93.00, 4
94.00, 4
95.00, 4
96.00, 4
97.00, 4
98.00, 4
99.00, 4
100.00, 4
101.00, 4
102.00, 4
103.00, 4
104.00, 4
105.00, 4
106.00, 4
107.00, 4
108.00, 4
109.00, 4
110.00, 4
111.00, 4
112.00, 4
113.00, 4
114.00, 4
115.00, 4
116.00, 4
117.00, 4
118.00, 4
119.00, 4
120.00, 6
121.00, 6
122.00, 6
123.00, 6
124.00, 6
125.00, 6
126.00, 6
127.00, 6
128.00, 6
129.00, 6
130.00, 6
131.00, 6
132.00, 6
133.00, 6
134.00, 6
135.00, 6
136.00, 6
137.00, 6
138.00, 6
139.00, 6
140.00, 6
141.00, 6
142.00, 6
143.00, 6
144.00, 6
145.00, 6
146.00, 6
147.00, 6
148.00, 6
149.00, 6
150.00, 6
151.00, 6
152.00, 6
153.00, 6
154.00, 6
155.00, 6
156.00, 6
157.00, 6
158.00, 6
159.00, 6
160.00, 6
161.00, 6
162.00, 6
163.00, 6
164.00, 6
165.00, 6
166.00, 6
167.00, 6
168.00, 6
169.00, 6
170.00, 6
171.00, 6
172.00, 4
173.00, 4
174.00, 4
175.00, 4
176.00, 4
177.00, 4
178.00, 4
179.00, 4
180.00, 4
181.00, 4
182.00, 4
183.00, 4
184.00, 4
185.00, 4
186.00, 4
187.00, 4
188.00, 4
189.00, 4
190.00, 4
191.00, 4
192.00, 4
193.00, 4
194.00, 4
195.00, 4
196.00, 4
197.00, 4
198.00, 4
199.00, 4
200.00, 4
201.00, 4
202.00, 4
203.00, 4
204.00, 4
205.00, 4
206.00, 4
207.00, 4
208.00, 4
209.00, 4
210.00, 4
211.00, 4
212.00, 4
213.00, 4
214.00, 4
215.00, 4
216.00, 4
217.00, 4
218.00, 4
219.00, 4
220.00, 4
221.00, 4
222.00, 4
223.00, 4
224.00, 4
225.00, 4
226.00, 4
227.00, 4
228.00, 4
229.00, 4
230.00, 4
231.00, 4
232.00, 4
233.00, 4
234.00, 4
235.00, 4
236.00, 4
237.00, 4
238.00, 4
239.00, 4
240.00, 4
241.00, 4
242.00, 4
243.00, 4
244.00, 4
245.00, 4
246.00, 3
247.00, 3
248.00, 3
249.00, 3
250.00, 3
251.00, 3
252.00, 3
253.00, 3
254.00, 3
255.00, 3
256.00, 3
257.00, 3
258.00, 3
259.00, 3
260.00, 3
261.00, 3
262.00, 3
263.00, 3
264.00, 3
265.00, 3
266.00, 3
267.00, 3
268.00, 3
269.00, 3
270.00, 3
271.00, 3
272.00, 3
273.00, 3
274.00, 3
275.00, 3
276.00, 3
277.00, 3
278.00, 3
279.00, 3
280.00, 4
281.00, 4
282.00, 4
283.00, 4
284.00, 4
285.00, 4
286.00, 4
287.00, 4
288.00, 4
289.00, 4
290.00, 4
291.00, 4
292.00, 4
293.00, 4
294.00, 4
295.00, 4
296.00, 4
297.00, 4
298.00, 4
299.00, 4
300.00, 4
301.00, 4
302.00, 4
303.00, 4
304.00, 4
305.00, 4
306.00, 4
307.00, 4
308.00, 4
309.00, 4
310.00, 4
311.00, 4
312.00, 4
313.00, 4
314.00, 4
315.00, 4
316.00, 4
317.00, 4
318.00, 4
319.00, 4
320.00, 4
321.00, 4
322.00, 4
323.00, 4
324.00, 4
325.00, 4
326.00, 4
327.00, 4
328.00, 4
329.00, 4
330.00, 4
331.00, 4
332.00, 4
333.00, 4
334.00, 4
335.00, 4
336.00, 4
337.00, 6
338.00, 6
339.00, 6
340.00, 6
341.00, 6
342.00, 6
343.00, 6
344.00, 6
345.00, 6
346.00, 6
347.00, 6
348.00, 6
349.00, 6
350.00, 6
351.00, 6
352.00, 6
353.00, 6
354.00, 6
355.00, 6
356.00, 6
357.00, 6
358.00, 6
359.00, 6
360.00, 6
361.00, 6
362.00, 6
363.00, 6
364.00, 6
365.00, 6
366.00, 6
367.00, 6
368.00, 6
369.00, 6
370.00, 6
371.00, 6
372.00, 6
373.00, 6
374.00, 6
375.00, 6
376.00, 6
377.00, 6
378.00, 6
379.00, 6
380.00, 6
381.00, 6
382.00, 6
383.00, 6
384.00, 6
385.00, 6
386.00, 6
387.00, 6
388.00, 6
389.00, 6
390.00, 6
391.00, 0
392.00, 0
393.00, 0
394.00, 0
395.00, 0
396.00, 0
397.00, 0
398.00, 0
399.00, 0
400.00, 0
401.00, 0
402.00, 0
403.00, 0
404.00, 0
405.00, 0
406.00, 0
407.00, 0
408.00, 0
409.00, 0
410.00, 0
411.00, 0
412.00, 0
413.00, 0
414.00, 0
415.00, 0
416.00, 0
417.00, 0
418.00, 0
419.00, 0
420.00, 0
421.00, 0
422.00, 0
423.00, 0
424.00, 0
425.00, 0
426.00, 0
427.00, 0
428.00, 0
429.00, 0
430.00, 0
431.00, 0
432.00, 0
433.00, 0
434.00, 0
435.00, 0
436.00, 0
437.00, 0
438.00, 0
439.00, 0
440.00, 0
441.00, 0
442.00, 0
443.00, 0
444.00, 0
445.00, 0
446.00, 0
447.00, 0
448.00, 0
449.00, 0
450.00, 0
451.00, 0
452.00, 0
453.00, 0
454.00, 0
455.00, 0
456.00, 0
457.00, 0
458.00, 0
459.00, 0
460.00, 0
461.00, 0
462.00, 0
463.00, 0
464.00, 0
465.00, 0
466.00, 0
467.00, 0
468.00, 0
469.00, 2
470.00, 2
471.00, 2
472.00, 2
473.00, 2
474.00, 2
475.00, 2
476.00, 2
477.00, 2
478.00, 2
479.00, 2
480.00, 2
481.00, 2
482.00, 2
483.00, 2
484.00, 2
485.00, 2
486.00, 2
487.00, 2
488.00, 2
489.00, 2
490.00, 2
491.00, 2
492.00, 2
493.00, 2
494.00, 2
495.00, 2
496.00, 2
497.00, 2
498.00, 2
499.00, 2
500.00, 2
501.00, 2
502.00, 2
503.00, 2
504.00, 2
505.00, 2
506.00, 2
507.00, 2
508.00, 2
509.00, 2
510.00, 2
511.00, 2
512.00, 2
513.00, 2
514.00, 2
515.00, 2
516.00, 2
517.00, 2
518.00, 2
519.00, 2
520.00, 2
521.00, 2
522.00, 2
523.00, 2
524.00, 2
525.00, 2
526.00, 2
527.00, 2
528.00, 2
529.00, 2
530.00, 2
531.00, 2
532.00, 2
533.00, 2
534.00, 2
535.00, 2
536.00, 6
537.00, 6
538.00, 6
539.00, 6
540.00, 6
541.00, 6
542.00, 6
543.00, 6
544.00, 6
545.00, 6
546.00, 6
547.00, 6
548.00, 6
549.00, 6
550.00, 6
551.00, 6
552.00, 6
553.00, 6
554.00, 6
555.00, 6
556.00, 6
557.00, 6
558.00, 6
559.00, 6
560.00, 6
561.00, 6
562.00, 6
563.00, 6
564.00, 6
565.00, 6
566.00, 6
567.00, 6
568.00, 6
569.00, 6
570.00, 6
571.00, 6
572.00, 6
573.00, 6
574.00, 6
575.00, 6
576.00, 6
577.00, 6
578.00, 6
579.00, 6
580.00, 6
581.00, 6
582.00, 6
583.00, 6
584.00, 6
585.00, 6
586.00, 6
587.00, 6
588.00, 6
589.00, 6
590.00, 6
591.00, 6
592.00, 6
593.00, 6
594.00, 6
595.00, 6
596.00, 6
597.00, 6
598.00, 6
599.00, 6
600.00, 6
601.00, 6
602.00, 6
603.00, 6
604.00, 6
605.00, 6
606.00, 6
607.00, 6
608.00, 6
609.00, 6
610.00, 6
611.00, 6
612.00, 6
613.00, 6
614.00, 6
615.00, 6
616.00, 6
617.00, 6
618.00, 6
619.00, 0
620.00, 0
621.00, 0
622.00, 0
623.00, 0
624.00, 0
625.00, 0
626.00, 0
627.00, 0
628.00, 0
629.00, 0
630.00, 0
631.00, 0
632.00, 0
633.00, 0
634.00, 0
635.00, 0
636.00, 0
637.00, 0
638.00, 0
639.00, 0
640.00, 0
641.00, 0
642.00, 0
643.00, 0
644.00, 0
645.00, 0
646.00, 0
647.00, 0
648.00, 0
649.00, 0
650.00, 0
651.00, 0
652.00, 0
653.00, 0
654.00, 0
655.00, 0
656.00, 0
657.00, 0
658.00, 0
659.00, 0
660.00, 0
661.00, 0
662.00, 0
663.00, 0
664.00, 0
665.00, 0
666.00, 0
667.00, 0
668.00, 0
669.00, 0
670.00, 0
671.00, 0
672.00, 0
673.00, 0
674.00, 0
675.00, 0
676.00, 0
677.00, 0
678.00, 0
679.00, 0
680.00, 0
681.00, 0
682.00, 0
683.00, 0
684.00, 0
685.00, 6
686.00, 6
687.00, 6
688.00, 6
689.00, 6
690.00, 6
691.00, 6
692.00, 6
693.00, 6
694.00, 6
695.00, 6
696.00, 6
697.00, 6
698.00, 6
699.00, 6
700.00, 6
701.00, 6
702.00, 6
703.00, 6
704.00, 6
705.00, 6
706.00, 6
707.00, 6
708.00, 6
709.00, 6
710.00, 6
711.00, 7
712.00, 7
713.00, 7
714.00, 7
715.00, 7
716.00, 7
717.00, 7
718.00, 7
719.00, 7
720.00, 7
721.00, 7
722.00, 7
723.00, 7
724.00, 7
725.00, 7
726.00, 7
727.00, 7
728.00, 7
729.00, 7
730.00, 7
731.00, 7
732.00, 7
733.00, 7
734.00, 7
735.00, 7
736.00, 7
737.00, 7
738.00, 7
739.00, 7
740.00, 7
741.00, 7
742.00, 7
743.00, 7
744.00, 7
745.00, 7
746.00, 7
747.00, 7
748.00, 7
749.00, 7
750.00, 7
751.00, 7
752.00, 1
753.00, 1
754.00, 1
755.00, 1
756.00, 1
757.00, 1
758.00, 1
759.00, 1
760.00, 1
761.00, 1
762.00, 1
763.00, 1
764.00, 1
765.00, 1
766.00, 1
767.00, 1
768.00, 1
769.00, 1
770.00, 1
771.00, 1
772.00, 1
773.00, 1
774.00, 1
775.00, 1
776.00, 1
777.00, 1
778.00, 1
779.00, 1
780.00, 1
781.00, 1
782.00, 1
783.00, 1
784.00, 1
785.00, 1
786.00, 1
787.00, 1
788.00, 1
789.00, 1
790.00, 1
791.00, 1
792.00, 1
793.00, 1
794.00, 1
795.00, 1
796.00, 1
797.00, 1
798.00, 1
799.00, 1
800.00, 1
801.00, 1
802.00, 1
803.00, 1
804.00, 1
805.00, 1
806.00, 1
807.00, 1
808.00, 1
809.00, 1
810.00, 1
811.00, 7
812.00, 7
813.00, 7
814.00, 7
815.00, 7
816.00, 7
817.00, 7
818.00, 7
819.00, 7
820.00, 7
821.00, 7
822.00, 7
823.00, 7
824.00, 7
825.00, 7
826.00, 7
827.00, 7
828.00, 7
829.00, 7
830.00, 7
831.00, 7
832.00, 7
833.00, 7
834.00, 7
835.00, 7
836.00, 7
837.00, 7
838.00, 7
839.00, 7
840.00, 7
841.00, 7
842.00, 7
843.00, 7
844.00, 7
845.00, 7
846.00, 7
847.00, 7
848.00, 7
849.00, 7
850.00, 7
851.00, 1
852.00, 1
853.00, 1
854.00, 1
855.00, 1
856.00, 1
857.00, 1
858.00, 1
859.00, 1
860.00, 1
861.00, 1
862.00, 1
863.00, 1
864.00, 1
865.00, 1
866.00, 1
867.00, 1
868.00, 1
869.00, 1
870.00, 1
871.00, 1
872.00, 1
873.00, 1
874.00, 1
875.00, 1
876.00, 1
877.00, 1
878.00, 1
879.00, 1
880.00, 1
881.00, 1
882.00, 1
883.00, 1
884.00, 1
885.00, 1
886.00, 1
887.00, 1
888.00, 1
889.00, 1
890.00, 1
891.00, 1
892.00, 8
893.00, 8
894.00, 8
895.00, 8
896.00, 8
897.00, 8
898.00, 8
899.00, 8
900.00, 8
901.00, 8
902.00, 8
903.00, 8
904.00, 8
905.00, 8
906.00, 8
907.00, 8
908.00, 8
909.00, 8
910.00, 8
911.00, 8
912.00, 8
913.00, 8
914.00, 8
915.00, 8
916.00, 8
917.00, 8
918.00, 8
919.00, 8
920.00, 8
921.00, 8
922.00, 8
923.00, 8
924.00, 8
925.00, 8
926.00, 8
927.00, 8
928.00, 8
929.00, 8
930.00, 8
931.00, 8
932.00, 8
933.00, 4
934.00, 4
935.00, 4
936.00, 4
937.00, 4
938.00, 4
939.00, 4
940.00, 4
941.00, 4
942.00, 4
943.00, 8
944.00, 8
945.00, 8
946.00, 8
947.00, 8
948.00, 8
949.00, 8
950.00, 8
951.00, 8
952.00, 8
953.00, 8
954.00, 8
955.00, 8
956.00, 8
957.00, 8
958.00, 8
959.00, 8
960.00, 8
961.00, 8
962.00, 8
963.00, 8
964.00, 8
965.00, 8
966.00, 8
967.00, 8
968.00, 8
969.00, 8
970.00, 8
971.00, 8
972.00, 3
973.00, 3
974.00, 3
975.00, 3
976.00, 3
977.00, 3
978.00, 3
979.00, 3
980.00, 3
981.00, 3
982.00, 3
983.00, 3
984.00, 3
985.00, 3
986.00, 3
987.00, 3
988.00, 3
989.00, 3
990.00, 3
991.00, 3
992.00, 3
993.00, 3
994.00, 3
995.00, 3
996.00, 3
997.00, 3
998.00, 3
999.00, 3