0.00, 0
1.00, 0
2.00, 0
3.00, 0
4.00, 0
5.00, 0
6.00, 0
7.00, 0
8.00, 0
9.00, 2
10.00, 2
11.00, 2
12.00, 2
13.00, 2
14.00, 2
15.00, 2
16.00, 2
17.00, 2
18.00, 2
19.00, 2
20.00, 2
21.00, 2
22.00, 2
23.00, 2
24.00, 2
25.00, 2
26.00, 2
27.00, 6
28.00, 6
29.00, 6
30.00, 6
31.00, 6
32.00, 6
33.00, 6
34.00, 6
35.00, 6
36.00, 6
37.00, 6
38.00, 6
39.00, 6
40.00, 6
41.00, 6
42.00, 6
43.00, 6
44.00, 6
45.00, 6
46.00, 6
47.00, 6
48.00, 0
49.00, 0
50.00, 0
51.00, 0
52.00, 0
53.00, 0
54.00, 0
55.00, 0
56.00, 0
57.00, 0
58.00, 0
59.00, 0
60.00, 0
61.00, 0
62.00, 0
63.00, 0
64.00, 0
65.00, 0
66.00, 0
67.00, 0
68.00, 0
69.00, 0
70.00, 0
71.00, 0
72.00, 0
73.00, 0
74.00, 0
75.00, 0
76.00, 0
77.00, 0
78.00, 0
79.00, 0
80.00, 0
81.00, 0
82.00, 0
83.00, 0
84.00, 0
85.00, 0
86.00, 0
87.00, 0
88.00, 0
89.00, 0
90.00, 0
91.00, 0
92.00, 0
93.00, 0
94.00, 0
95.00, 0
96.00, 0
97.00, 0
98.00, 0
99.00, 0
100.00, 0
101.00, 0
102.00, 0
103.00, 0
104.00, 0
105.00, 0
106.00, 0
107.00, 0
108.00, 0
109.00, 0
110.00, 0
111.00, 6
112.00, 6
113.00, 6
114.00, 6
115.00, 6
116.00, 6
117.00, 6
118.00, 6
119.00, 6
120.00, 6
121.00, 6
122.00, 6
123.00, 6
124.00, 6
125.00, 6
126.00, 6
127.00, 6
128.00, 6
129.00, 6
130.00, 6
131.00, 6
132.00, 6
133.00, 6
134.00, 6
135.00, 6
136.00, 6
137.00, 6
138.00, 6
139.00, 6
140.00, 6
141.00, 6
142.00, 6
143.00, 6
144.00, 6
145.00, 6
146.00, 6
147.00, 6
148.00, 6
149.00, 6
150.00, 6
151.00, 6
152.00, 0
153.00, 0
154.00, 0
155.00, 0
156.00, 0
157.00, 0
158.00, 0
159.00, 0
160.00, 0
161.00, 0
162.00, 0
163.00, 0
164.00, 0
165.00, 0
166.00, 0
167.00, 0
168.00, 0
169.00, 0
170.00, 0
171.00, 0
172.00, 0
173.00, 0
174.00, 0
175.00, 0
176.00, 0
177.00, 0
178.00, 0
179.00, 0
180.00, 0
181.00, 0
182.00, 0
183.00, 0
184.00, 0
185.00, 0
186.00, 0
187.00, 0
188.00, 0
189.00, 0
190.00, 0
191.00, 0
192.00, 0
193.00, 0
194.00, 0
195.00, 0
196.00, 0
197.00, 0
198.00, 0
199.00, 0
200.00, 0
201.00, 0
202.00, 0
203.00, 0
204.00, 0
205.00, 0
206.00, 0
207.00, 0
208.00, 0
209.00, 0
210.00, 0
211.00, 0
212.00, 0
213.00, 0
214.00, 0
215.00, 0
216.00, 0
217.00, 0
218.00, 0
219.00, 0
220.00, 0
221.00, 0
222.00, 0
223.00, 0
224.00, 0
225.00, 0
226.00, 0
227.00, 0
228.00, 0
229.00, 0
230.00, 0
231.00, 0
232.00, 0
233.00, 0
234.00, 0
235.00, 0
236.00, 0
237.00, 0
238.00, 0
239.00, 0
240.00, 0
241.00, 0
242.00, 0
243.00, 0
244.00, 0
245.00, 0
246.00, 0
247.00, 0
248.00, 0
249.00, 0
250.00, 0
251.00, 0
252.00, 0
253.00, 0
254.00, 0
255.00, 0
256.00, 0
257.00, 0
258.00, 0
259.00, 0
260.00, 0
261.00, 0
262.00, 0
263.00, 0
264.00, 0
265.00, 0
266.00, 0
267.00, 0
268.00, 0
269.00, 0
270.00, 0
271.00, 0
272.00, 0
273.00, 0
274.00, 0
275.00, 0
276.00, 0
277.00, 0
278.00, 0
279.00, 0
280.00, 0
281.00, 0
282.00, 0
283.00, 0
284.00, 0
285.00, 0
286.00, 0
287.00, 0
288.00, 0
289.00, 0
290.00, 0
291.00, 0
292.00, 0
293.00, 0
294.00, 0
295.00, 0
296.00, 0
297.00, 0
298.00, 0
299.00, 2
300.00, 2
301.00, 2
302.00, 2
303.00, 2
304.00, 2
305.00, 2
306.00, 2
307.00, 2
308.00, 2
309.00, 2
310.00, 2
311.00, 2
312.00, 2
313.00, 2
314.00, 2
315.00, 2
316.00, 2
317.00, 2
318.00, 2
319.00, 2
320.00, 2
321.00, 2
322.00, 2
323.00, 2
324.00, 2
325.00, 2
326.00, 2
327.00, 2
328.00, 4
329.00, 4
330.00, 4
331.00, 4
332.00, 4
333.00, 4
334.00, 4
335.00, 4
336.00, 4
337.00, 4
338.00, 4
339.00, 4
340.00, 4
341.00, 4
342.00, 4
343.00, 4
344.00, 4
345.00, 4
346.00, 4
347.00, 4
348.00, 4
349.00, 4
350.00, 4
351.00, 4
352.00, 4
353.00, 4
354.00, 4
355.00, 4
356.00, 4
357.00, 4
358.00, 4
359.00, 4
360.00, 4
361.00, 4
362.00, 4
363.00, 4
364.00, 4
365.00, 4
366.00, 4
367.00, 4
368.00, 4
369.00, 4
370.00, 4
371.00, 4
372.00, 4
373.00, 4
374.00, 4
375.00, 4
376.00, 4
377.00, 4
378.00, 4
379.00, 4
380.00, 4
381.00, 4
382.00, 4
383.00, 4
384.00, 4
385.00, 4
386.00, 4
387.00, 4
388.00, 4
389.00, 4
390.00, 4
391.00, 4
392.00, 4
393.00, 4
394.00, 4
395.00, 4
396.00, 4
397.00, 4
398.00, 4
399.00, 4
400.00, 4
401.00, 4
402.00, 4
403.00, 4
404.00, 4
405.00, 4
406.00, 4
407.00, 4
408.00, 4
409.00, 4
410.00, 4
411.00, 4
412.00, 4
413.00, 4
414.00, 4
415.00, 4
416.00, 4
417.00, 4
418.00, 4
419.00, 4
420.00, 4
421.00, 0
422.00, 8
423.00, 8
424.00, 8
425.00, 8
426.00, 8
427.00, 8
428.00, 8
429.00, 8
430.00, 8
431.00, 8
432.00, 8
433.00, 8
434.00, 8
435.00, 8
436.00, 8
437.00, 8
438.00, 8
439.00, 8
440.00, 8
441.00, 8
442.00, 8
443.00, 8
444.00, 8
445.00, 8
446.00, 8
447.00, 8
448.00, 8
449.00, 1
450.00, 1
451.00, 1
452.00, 1
453.00, 1
454.00, 1
455.00, 1
456.00, 1
457.00, 1
458.00, 1
459.00, 1
460.00, 1
461.00, 1
462.00, 1
463.00, 1
464.00, 1
465.00, 1
466.00, 1
467.00, 1
468.00, 1
469.00, 1
470.00, 1
471.00, 1
472.00, 1
473.00, 1
474.00, 1
475.00, 1
476.00, 1
477.00, 1
478.00, 1
479.00, 1
480.00, 8
481.00, 8
482.00, 8
483.00, 8
484.00, 8
485.00, 8
486.00, 8
487.00, 8
488.00, 8
489.00, 8
490.00, 8
491.00, 8
492.00, 8
493.00, 8
494.00, 8
495.00, 8
496.00, 8
497.00, 8
498.00, 8
499.00, 8
500.00, 8
501.00, 8
502.00, 8
503.00, 8
504.00, 8
505.00, 8
506.00, 8
507.00, 8
508.00, 8
509.00, 3
510.00, 3
511.00, 3
512.00, 3
513.00, 3
514.00, 3
515.00, 3
516.00, 3
517.00, 3
518.00, 3
519.00, 3
520.00, 3
521.00, 3
522.00, 3
523.00, 3
524.00, 3
525.00, 3
526.00, 3
527.00, 3
528.00, 3
529.00, 3
530.00, 3
531.00, 3
532.00, 3
533.00, 3
534.00, 3
535.00, 3
536.00, 3
537.00, 3
538.00, 3
539.00, 3
540.00, 3
541.00, 3
542.00, 3
543.00, 3
544.00, 3
545.00, 3
546.00, 8
547.00, 8
548.00, 8
549.00, 8
550.00, 8
551.00, 8
552.00, 8
553.00, 8
554.00, 8
555.00, 8
556.00, 8
557.00, 8
558.00, 8
559.00, 8
560.00, 8
561.00, 8
562.00, 8
563.00, 8
564.00, 8
565.00, 8
566.00, 8
567.00, 1
568.00, 1
569.00, 1
570.00, 1
571.00, 1
572.00, 1
573.00, 1
574.00, 1
575.00, 1
576.00, 1
577.00, 1
578.00, 1
579.00, 1
580.00, 1
581.00, 1
582.00, 1
583.00, 1
584.00, 1
585.00, 4
586.00, 4
587.00, 4
588.00, 4
589.00, 4
590.00, 4
591.00, 4
592.00, 4
593.00, 4
594.00, 4
595.00, 4
596.00, 4
597.00, 4
598.00, 4
599.00, 4
600.00, 4
601.00, 4
602.00, 4
603.00, 4
604.00, 4
605.00, 4
606.00, 3
607.00, 3
608.00, 3
609.00, 3
610.00, 3
611.00, 3
612.00, 3
613.00, 3
614.00, 3
615.00, 3
616.00, 0
617.00, 1
618.00, 1
619.00, 1
620.00, 1
621.00, 1
622.00, 1
623.00, 1
624.00, 1
625.00, 1
626.00, 1
627.00, 1
628.00, 1
629.00, 1
630.00, 1
631.00, 1
632.00, 1
633.00, 1
634.00, 1
635.00, 1
636.00, 1
637.00, 4
638.00, 4
639.00, 4
640.00, 4
641.00, 4
642.00, 4
643.00, 4
644.00, 4
645.00, 4
646.00, 4
647.00, 4
648.00, 4
649.00, 4
650.00, 4
651.00, 4
652.00, 4
653.00, 4
654.00, 4
655.00, 4
656.00, 4
657.00, 4
658.00, 4
659.00, 4
660.00, 4
661.00, 4
662.00, 4
663.00, 2
664.00, 2
665.00, 2
666.00, 2
667.00, 2
668.00, 2
669.00, 2
670.00, 2
671.00, 2
672.00, 2
673.00, 2
674.00, 2
675.00, 2
676.00, 2
677.00, 2
678.00, 2
679.00, 2
680.00, 2
681.00, 2
682.00, 2
683.00, 2
684.00, 5
685.00, 5
686.00, 5
687.00, 5
688.00, 5
689.00, 5
690.00, 5
691.00, 5
692.00, 5
693.00, 3
694.00, 3
695.00, 3
696.00, 3
697.00, 3
698.00, 3
699.00, 3
700.00, 3
701.00, 3
702.00, 3
703.00, 3
704.00, 3
705.00, 3
706.00, 3
707.00, 3
708.00, 3
709.00, 3
710.00, 3
711.00, 3
712.00, 3
713.00, 3
714.00, 3
715.00, 3
716.00, 3
717.00, 3
718.00, 3
719.00, 3
720.00, 3
721.00, 3
722.00, 3
723.00, 3
724.00, 3
725.00, 3
726.00, 3
727.00, 3
728.00, 3
729.00, 3
730.00, 3
731.00, 3
732.00, 3
733.00, 3
734.00, 3
735.00, 3
736.00, 3
737.00, 3
738.00, 3
739.00, 3
740.00, 3
741.00, 3
742.00, 3
743.00, 3
744.00, 3
745.00, 3
746.00, 3
747.00, 3
748.00, 3
749.00, 3
750.00, 3
751.00, 3
752.00, 3
753.00, 3
754.00, 3
755.00, 3
756.00, 3
757.00, 3
758.00, 3
759.00, 3
760.00, 3
761.00, 3
762.00, 3
763.00, 3
764.00, 3
765.00, 3
766.00, 3
767.00, 3
768.00, 3
769.00, 3
770.00, 3
771.00, 3
772.00, 3
773.00, 5
774.00, 5
775.00, 5
776.00, 5
777.00, 5
778.00, 5
779.00, 5
780.00, 5
781.00, 5
782.00, 5
783.00, 5
784.00, 5
785.00, 5
786.00, 5
787.00, 5
788.00, 5
789.00, 5
790.00, 5
791.00, 5
792.00, 5
793.00, 5
794.00, 5
795.00, 5
796.00, 5
797.00, 5
798.00, 5
799.00, 5
800.00, 5
801.00, 5
802.00, 5
803.00, 5
804.00, 5
805.00, 5
806.00, 5
807.00, 5
808.00, 5
809.00, 5
810.00, 5
811.00, 5
812.00, 5
813.00, 5
814.00, 5
815.00, 5
816.00, 5
817.00, 5
818.00, 5
819.00, 5
820.00, 5
821.00, 5
822.00, 5
823.00, 5
824.00, 5
825.00, 2
826.00, 2
827.00, 2
828.00, 2
829.00, 2
830.00, 2
831.00, 2
832.00, 2
833.00, 2
834.00, 2
835.00, 2
836.00, 2
837.00, 2
838.00, 2
839.00, 2
840.00, 2
841.00, 2
842.00, 2
843.00, 2
844.00, 2
845.00, 2
846.00, 2
847.00, 2
848.00, 2
849.00, 2
850.00, 2
851.00, 2
852.00, 2
853.00, 2
854.00, 2
855.00, 2
856.00, 2
857.00, 2
858.00, 2
859.00, 2
860.00, 2
861.00, 2
862.00, 2
863.00, 2
864.00, 2
865.00, 2
866.00, 2
867.00, 2
868.00, 2
869.00, 2
870.00, 2
871.00, 2
872.00, 2
873.00, 2
874.00, 2
875.00, 2
876.00, 2
877.00, 2
878.00, 2
879.00, 2
880.00, 2
881.00, 2
882.00, 2
883.00, 2
884.00, 2
885.00, 2
886.00, 2
887.00, 2
888.00, 2
889.00, 2
890.00, 2
891.00, 2
892.00, 2
893.00, 2
894.00, 2
895.00, 2
896.00, 2
897.00, 2
898.00, 2
899.00, 2
900.00, 2
901.00, 2
902.00, 2
903.00, 2
904.00, 2
905.00, 2
906.00, 2
907.00, 2
908.00, 2
909.00, 2
910.00, 2
911.00, 2
912.00, 4
913.00, 4
914.00, 4
915.00, 4
916.00, 4
917.00, 4
918.00, 4
919.00, 4
920.00, 4
921.00, 4
922.00, 4
923.00, 4
924.00, 4
925.00, 4
926.00, 4
927.00, 4
928.00, 4
929.00, 4
930.00, 4
931.00, 4
932.00, 4
933.00, 4
934.00, 4
935.00, 4
936.00, 1
937.00, 1
938.00, 1
939.00, 1
940.00, 1
941.00, 1
942.00, 1
943.00, 1
944.00, 1
945.00, 1
946.00, 1
947.00, 1
948.00, 1
949.00, 1
950.00, 1
951.00, 1
952.00, 1
953.00, 1
954.00, 1
955.00, 1
956.00, 1
957.00, 1
958.00, 1
959.00, 1
960.00, 1
961.00, 1
962.00, 1
963.00, 1
964.00, 1
965.00, 1
966.00, 1
967.00, 1
968.00, 1
969.00, 1
970.00, 1
971.00, 1
972.00, 1
973.00, 1
974.00, 1
975.00, 1
976.00, 1
977.00, 1
978.00, 1
979.00, 1
980.00, 1
981.00, 1
982.00, 1
983.00, 1
984.00, 1
985.00, 1
986.00, 7
987.00, 7
988.00, 7
989.00, 7
990.00, 7
991.00, 7
992.00, 7
993.00, 7
994.00, 7
995.00, 7
996.00, 7
997.00, 7
998.00, 7
999.00, 7