0.00, 3
1.00, 3
2.00, 3
3.00, 3
4.00, 3
5.00, 3
6.00, 3
7.00, 3
8.00, 8
9.00, 8
10.00, 8
11.00, 8
12.00, 8
13.00, 8
14.00, 8
15.00, 8
16.00, 8
17.00, 8
18.00, 8
19.00, 8
20.00, 8
21.00, 8
22.00, 8
23.00, 8
24.00, 8
25.00, 8
26.00, 8
27.00, 1
28.00, 1
29.00, 1
30.00, 1
31.00, 1
32.00, 1
33.00, 1
34.00, 1
35.00, 1
36.00, 1
37.00, 1
38.00, 1
39.00, 4
40.00, 4
41.00, 4
42.00, 4
43.00, 4
44.00, 4
45.00, 4
46.00, 4
47.00, 4
48.00, 4
49.00, 4
50.00, 4
51.00, 4
52.00, 4
53.00, 4
54.00, 4
55.00, 4
56.00, 4
57.00, 4
58.00, 4
59.00, 4
60.00, 2
61.00, 2
62.00, 2
63.00, 2
64.00, 2
65.00, 2
66.00, 2
67.00, 2
68.00, 2
69.00, 2
70.00, 2
71.00, 2
72.00, 2
73.00, 2
74.00, 2
75.00, 2
76.00, 2
77.00, 2
78.00, 2
79.00, 2
80.00, 2
81.00, 2
82.00, 2
83.00, 5
84.00, 5
85.00, 5
86.00, 5
87.00, 5
88.00, 5
89.00, 5
90.00, 5
91.00, 5
92.00, 5
93.00, 5
94.00, 5
95.00, 5
96.00, 5
97.00, 5
98.00, 5
99.00, 5
100.00, 3
101.00, 3
102.00, 3
103.00, 3
104.00, 3
105.00, 3
106.00, 3
107.00, 3
108.00, 3
109.00, 3
110.00, 3
111.00, 3
112.00, 3
113.00, 3
114.00, 3
115.00, 3
116.00, 3
117.00, 3
118.00, 4
119.00, 4
120.00, 4
121.00, 4
122.00, 4
123.00, 4
124.00, 4
125.00, 4
126.00, 2
127.00, 2
128.00, 2
129.00, 2
130.00, 2
131.00, 2
132.00, 2
133.00, 2
134.00, 2
135.00, 2
136.00, 2
137.00, 2
138.00, 2
139.00, 2
140.00, 5
141.00, 5
142.00, 5
143.00, 5
144.00, 5
145.00, 5
146.00, 5
147.00, 5
148.00, 5
149.00, 5
150.00, 5
151.00, 5
152.00, 5
153.00, 5
154.00, 5
155.00, 5
156.00, 5
157.00, 5
158.00, 5
159.00, 5
160.00, 5
161.00, 5
162.00, 5
163.00, 5
164.00, 5
165.00, 5
166.00, 5
167.00, 5
168.00, 5
169.00, 5
170.00, 5
171.00, 5
172.00, 5
173.00, 5
174.00, 5
175.00, 5
176.00, 5
177.00, 5
178.00, 5
179.00, 5
180.00, 5
181.00, 5
182.00, 5
183.00, 5
184.00, 5
185.00, 5
186.00, 5
187.00, 5
188.00, 5
189.00, 5
190.00, 5
191.00, 5
192.00, 5
193.00, 5
194.00, 5
195.00, 5
196.00, 5
197.00, 5
198.00, 5
199.00, 5
200.00, 5
201.00, 3
202.00, 3
203.00, 3
204.00, 3
205.00, 3
206.00, 3
207.00, 3
208.00, 3
209.00, 3
210.00, 3
211.00, 3
212.00, 3
213.00, 3
214.00, 3
215.00, 3
216.00, 3
217.00, 3
218.00, 3
219.00, 3
220.00, 5
221.00, 5
222.00, 5
223.00, 5
224.00, 5
225.00, 5
226.00, 5
227.00, 5
228.00, 5
229.00, 5
230.00, 5
231.00, 5
232.00, 5
233.00, 5
234.00, 5
235.00, 5
236.00, 5
237.00, 5
238.00, 5
239.00, 5
240.00, 5
241.00, 5
242.00, 5
243.00, 5
244.00, 5
245.00, 3
246.00, 3
247.00, 3
248.00, 3
249.00, 3
250.00, 3
251.00, 3
252.00, 4
253.00, 4
254.00, 4
255.00, 4
256.00, 4
257.00, 4
258.00, 4
259.00, 4
260.00, 4
261.00, 4
262.00, 4
263.00, 4
264.00, 4
265.00, 4
266.00, 4
267.00, 4
268.00, 4
269.00, 4
270.00, 4
271.00, 4
272.00, 4
273.00, 4
274.00, 4
275.00, 4
276.00, 4
277.00, 4
278.00, 4
279.00, 4
280.00, 4
281.00, 4
282.00, 4
283.00, 4
284.00, 4
285.00, 4
286.00, 4
287.00, 4
288.00, 4
289.00, 4
290.00, 4
291.00, 4
292.00, 4
293.00, 4
294.00, 4
295.00, 4
296.00, 4
297.00, 4
298.00, 4
299.00, 6
300.00, 6
301.00, 6
302.00, 6
303.00, 6
304.00, 6
305.00, 6
306.00, 6
307.00, 6
308.00, 6
309.00, 6
310.00, 6
311.00, 6
312.00, 6
313.00, 6
314.00, 6
315.00, 6
316.00, 6
317.00, 6
318.00, 6
319.00, 6
320.00, 6
321.00, 6
322.00, 6
323.00, 6
324.00, 6
325.00, 6
326.00, 6
327.00, 6
328.00, 6
329.00, 6
330.00, 6
331.00, 6
332.00, 6
333.00, 6
334.00, 6
335.00, 6
336.00, 6
337.00, 6
338.00, 6
339.00, 6
340.00, 6
341.00, 6
342.00, 6
343.00, 6
344.00, 6
345.00, 6
346.00, 6
347.00, 6
348.00, 6
349.00, 6
350.00, 6
351.00, 6
352.00, 6
353.00, 6
354.00, 6
355.00, 6
356.00, 6
357.00, 6
358.00, 6
359.00, 6
360.00, 6
361.00, 6
362.00, 6
363.00, 6
364.00, 6
365.00, 6
366.00, 6
367.00, 6
368.00, 6
369.00, 6
370.00, 6
371.00, 6
372.00, 6
373.00, 6
374.00, 6
375.00, 6
376.00, 6
377.00, 6
378.00, 6
379.00, 6
380.00, 6
381.00, 7
382.00, 7
383.00, 7
384.00, 7
385.00, 7
386.00, 7
387.00, 7
388.00, 7
389.00, 7
390.00, 7
391.00, 7
392.00, 7
393.00, 7
394.00, 7
395.00, 7
396.00, 7
397.00, 7
398.00, 7
399.00, 7
400.00, 7
401.00, 7
402.00, 7
403.00, 7
404.00, 7
405.00, 7
406.00, 6
407.00, 6
408.00, 6
409.00, 6
410.00, 6
411.00, 6
412.00, 6
413.00, 6
414.00, 6
415.00, 6
416.00, 6
417.00, 6
418.00, 6
419.00, 6
420.00, 6
421.00, 6
422.00, 6
423.00, 6
424.00, 6
425.00, 7
426.00, 7
427.00, 7
428.00, 7
429.00, 7
430.00, 7
431.00, 7
432.00, 7
433.00, 7
434.00, 7
435.00, 7
436.00, 7
437.00, 7
438.00, 7
439.00, 7
440.00, 7
441.00, 7
442.00, 7
443.00, 7
444.00, 7
445.00, 7
446.00, 7
447.00, 7
448.00, 7
449.00, 1
450.00, 1
451.00, 1
452.00, 1
453.00, 1
454.00, 1
455.00, 1
456.00, 1
457.00, 1
458.00, 1
459.00, 1
460.00, 1
461.00, 1
462.00, 1
463.00, 1
464.00, 1
465.00, 1
466.00, 1
467.00, 1
468.00, 1
469.00, 1
470.00, 1
471.00, 1
472.00, 1
473.00, 1
474.00, 1
475.00, 1
476.00, 1
477.00, 1
478.00, 1
479.00, 1
480.00, 1
481.00, 1
482.00, 1
483.00, 1
484.00, 4
485.00, 4
486.00, 4
487.00, 4
488.00, 4
489.00, 4
490.00, 4
491.00, 4
492.00, 4
493.00, 4
494.00, 4
495.00, 4
496.00, 4
497.00, 4
498.00, 4
499.00, 4
500.00, 4
501.00, 4
502.00, 4
503.00, 4
504.00, 4
505.00, 4
506.00, 4
507.00, 4
508.00, 4
509.00, 4
510.00, 4
511.00, 4
512.00, 4
513.00, 4
514.00, 4
515.00, 4
516.00, 4
517.00, 4
518.00, 4
519.00, 4
520.00, 4
521.00, 4
522.00, 4
523.00, 2
524.00, 2
525.00, 2
526.00, 2
527.00, 2
528.00, 2
529.00, 2
530.00, 2
531.00, 2
532.00, 2
533.00, 4
534.00, 4
535.00, 4
536.00, 4
537.00, 4
538.00, 4
539.00, 4
540.00, 4
541.00, 4
542.00, 4
543.00, 4
544.00, 4
545.00, 4
546.00, 4
547.00, 4
548.00, 4
549.00, 4
550.00, 4
551.00, 4
552.00, 4
553.00, 4
554.00, 4
555.00, 4
556.00, 4
557.00, 3
558.00, 3
559.00, 3
560.00, 3
561.00, 3
562.00, 3
563.00, 3
564.00, 8
565.00, 8
566.00, 8
567.00, 8
568.00, 8
569.00, 8
570.00, 8
571.00, 8
572.00, 8
573.00, 8
574.00, 8
575.00, 8
576.00, 8
577.00, 8
578.00, 8
579.00, 8
580.00, 8
581.00, 8
582.00, 8
583.00, 8
584.00, 8
585.00, 8
586.00, 8
587.00, 8
588.00, 8
589.00, 8
590.00, 8
591.00, 8
592.00, 8
593.00, 8
594.00, 8
595.00, 8
596.00, 8
597.00, 8
598.00, 8
599.00, 8
600.00, 8
601.00, 8
602.00, 8
603.00, 8
604.00, 8
605.00, 8
606.00, 8
607.00, 8
608.00, 8
609.00, 8
610.00, 8
611.00, 8
612.00, 8
613.00, 8
614.00, 8
615.00, 8
616.00, 8
617.00, 8
618.00, 8
619.00, 8
620.00, 8
621.00, 8
622.00, 8
623.00, 8
624.00, 8
625.00, 8
626.00, 8
627.00, 8
628.00, 8
629.00, 8
630.00, 8
631.00, 8
632.00, 8
633.00, 8
634.00, 8
635.00, 8
636.00, 8
637.00, 8
638.00, 8
639.00, 8
640.00, 8
641.00, 8
642.00, 8
643.00, 8
644.00, 8
645.00, 8
646.00, 8
647.00, 8
648.00, 8
649.00, 8
650.00, 8
651.00, 8
652.00, 8
653.00, 8
654.00, 8
655.00, 8
656.00, 8
657.00, 8
658.00, 8
659.00, 4
660.00, 4
661.00, 4
662.00, 4
663.00, 4
664.00, 4
665.00, 4
666.00, 4
667.00, 4
668.00, 4
669.00, 4
670.00, 4
671.00, 4
672.00, 4
673.00, 4
674.00, 4
675.00, 4
676.00, 4
677.00, 4
678.00, 4
679.00, 4
680.00, 4
681.00, 4
682.00, 4
683.00, 4
684.00, 4
685.00, 4
686.00, 4
687.00, 4
688.00, 4
689.00, 4
690.00, 4
691.00, 4
692.00, 4
693.00, 4
694.00, 4
695.00, 4
696.00, 1
697.00, 1
698.00, 1
699.00, 1
700.00, 1
701.00, 1
702.00, 1
703.00, 1
704.00, 1
705.00, 1
706.00, 1
707.00, 1
708.00, 1
709.00, 1
710.00, 1
711.00, 8
712.00, 8
713.00, 8
714.00, 8
715.00, 8
716.00, 8
717.00, 8
718.00, 8
719.00, 8
720.00, 8
721.00, 8
722.00, 8
723.00, 8
724.00, 8
725.00, 8
726.00, 8
727.00, 8
728.00, 8
729.00, 8
730.00, 8
731.00, 8
732.00, 8
733.00, 8
734.00, 8
735.00, 8
736.00, 8
737.00, 8
738.00, 8
739.00, 8
740.00, 8
741.00, 8
742.00, 8
743.00, 8
744.00, 8
745.00, 8
746.00, 8
747.00, 8
748.00, 8
749.00, 8
750.00, 8
751.00, 8
752.00, 8
753.00, 8
754.00, 8
755.00, 8
756.00, 8
757.00, 8
758.00, 8
759.00, 8
760.00, 8
761.00, 8
762.00, 8
763.00, 8
764.00, 8
765.00, 8
766.00, 8
767.00, 8
768.00, 8
769.00, 8
770.00, 8
771.00, 3
772.00, 3
773.00, 3
774.00, 3
775.00, 3
776.00, 3
777.00, 3
778.00, 3
779.00, 3
780.00, 3
781.00, 3
782.00, 3
783.00, 3
784.00, 3
785.00, 3
786.00, 3
787.00, 3
788.00, 3
789.00, 3
790.00, 3
791.00, 3
792.00, 3
793.00, 3
794.00, 3
795.00, 3
796.00, 3
797.00, 3
798.00, 3
799.00, 3
800.00, 3
801.00, 3
802.00, 3
803.00, 5
804.00, 5
805.00, 5
806.00, 5
807.00, 5
808.00, 5
809.00, 5
810.00, 5
811.00, 5
812.00, 5
813.00, 5
814.00, 5
815.00, 5
816.00, 5
817.00, 5
818.00, 5
819.00, 5
820.00, 5
821.00, 5
822.00, 5
823.00, 5
824.00, 5
825.00, 5
826.00, 5
827.00, 5
828.00, 5
829.00, 5
830.00, 5
831.00, 5
832.00, 5
833.00, 5
834.00, 5
835.00, 5
836.00, 5
837.00, 5
838.00, 5
839.00, 5
840.00, 5
841.00, 5
842.00, 5
843.00, 5
844.00, 5
845.00, 5
846.00, 5
847.00, 5
848.00, 5
849.00, 5
850.00, 5
851.00, 5
852.00, 5
853.00, 5
854.00, 5
855.00, 5
856.00, 5
857.00, 5
858.00, 5
859.00, 5
860.00, 5
861.00, 5
862.00, 5
863.00, 5
864.00, 5
865.00, 5
866.00, 5
867.00, 5
868.00, 5
869.00, 5
870.00, 5
871.00, 5
872.00, 5
873.00, 5
874.00, 5
875.00, 5
876.00, 5
877.00, 5
878.00, 5
879.00, 5
880.00, 5
881.00, 5
882.00, 5
883.00, 5
884.00, 5
885.00, 5
886.00, 5
887.00, 5
888.00, 5
889.00, 5
890.00, 5
891.00, 5
892.00, 5
893.00, 5
894.00, 5
895.00, 5
896.00, 5
897.00, 5
898.00, 5
899.00, 5
900.00, 5
901.00, 5
902.00, 5
903.00, 5
904.00, 5
905.00, 5
906.00, 5
907.00, 5
908.00, 5
909.00, 5
910.00, 3
911.00, 3
912.00, 3
913.00, 3
914.00, 3
915.00, 3
916.00, 3
917.00, 3
918.00, 3
919.00, 3
920.00, 3
921.00, 3
922.00, 3
923.00, 3
924.00, 3
925.00, 3
926.00, 3
927.00, 3
928.00, 3
929.00, 4
930.00, 4
931.00, 4
932.00, 4
933.00, 4
934.00, 4
935.00, 4
936.00, 4
937.00, 4
938.00, 4
939.00, 4
940.00, 4
941.00, 4
942.00, 4
943.00, 4
944.00, 4
945.00, 4
946.00, 4
947.00, 4
948.00, 4
949.00, 4
950.00, 4
951.00, 4
952.00, 4
953.00, 4
954.00, 4
955.00, 4
956.00, 4
957.00, 4
958.00, 4
959.00, 4
960.00, 4
961.00, 4
962.00, 4
963.00, 4
964.00, 4
965.00, 4
966.00, 4
967.00, 4
968.00, 6
969.00, 6
970.00, 6
971.00, 6
972.00, 6
973.00, 6
974.00, 6
975.00, 6
976.00, 6
977.00, 6
978.00, 6
979.00, 6
980.00, 6
981.00, 6
982.00, 6
983.00, 6
984.00, 6
985.00, 6
986.00, 6
987.00, 6
988.00, 6
989.00, 6
990.00, 6
991.00, 6
992.00, 6
993.00, 6
994.00, 0
995.00, 0
996.00, 0
997.00, 0
998.00, 0
999.00, 0