0.00, 3
1.00, 3
2.00, 3
3.00, 3
4.00, 5
5.00, 5
6.00, 5
7.00, 5
8.00, 5
9.00, 5
10.00, 5
11.00, 5
12.00, 5
13.00, 5
14.00, 5
15.00, 5
16.00, 5
17.00, 5
18.00, 5
19.00, 5
20.00, 5
21.00, 5
22.00, 5
23.00, 5
24.00, 5
25.00, 5
26.00, 5
27.00, 5
28.00, 5
29.00, 5
30.00, 5
31.00, 3
32.00, 3
33.00, 3
34.00, 3
35.00, 3
36.00, 3
37.00, 3
38.00, 3
39.00, 3
40.00, 3
41.00, 3
42.00, 3
43.00, 3
44.00, 3
45.00, 3
46.00, 3
47.00, 3
48.00, 3
49.00, 3
50.00, 3
51.00, 3
52.00, 3
53.00, 3
54.00, 3
55.00, 3
56.00, 3
57.00, 3
58.00, 3
59.00, 3
60.00, 3
61.00, 3
62.00, 3
63.00, 3
64.00, 3
65.00, 3
66.00, 3
67.00, 3
68.00, 3
69.00, 3
70.00, 3
71.00, 3
72.00, 3
73.00, 3
74.00, 3
75.00, 3
76.00, 3
77.00, 3
78.00, 3
79.00, 3
80.00, 3
81.00, 3
82.00, 3
83.00, 3
84.00, 3
85.00, 3
86.00, 3
87.00, 3
88.00, 3
89.00, 3
90.00, 3
91.00, 3
92.00, 3
93.00, 3
94.00, 3
95.00, 3
96.00, 3
97.00, 3
98.00, 3
99.00, 3
100.00, 3
101.00, 3
102.00, 3
103.00, 3
104.00, 8
105.00, 8
106.00, 8
107.00, 8
108.00, 8
109.00, 8
110.00, 8
111.00, 8
112.00, 8
113.00, 8
114.00, 8
115.00, 8
116.00, 8
117.00, 8
118.00, 8
119.00, 8
120.00, 8
121.00, 8
122.00, 8
123.00, 8
124.00, 8
125.00, 8
126.00, 8
127.00, 8
128.00, 8
129.00, 8
130.00, 8
131.00, 8
132.00, 8
133.00, 8
134.00, 8
135.00, 8
136.00, 8
137.00, 8
138.00, 8
139.00, 8
140.00, 8
141.00, 8
142.00, 8
143.00, 8
144.00, 8
145.00, 8
146.00, 8
147.00, 8
148.00, 8
149.00, 8
150.00, 8
151.00, 8
152.00, 8
153.00, 8
154.00, 8
155.00, 8
156.00, 8
157.00, 8
158.00, 8
159.00, 8
160.00, 8
161.00, 8
162.00, 8
163.00, 8
164.00, 8
165.00, 8
166.00, 8
167.00, 8
168.00, 8
169.00, 8
170.00, 8
171.00, 8
172.00, 8
173.00, 8
174.00, 8
175.00, 8
176.00, 8
177.00, 8
178.00, 8
179.00, 8
180.00, 8
181.00, 8
182.00, 8
183.00, 8
184.00, 8
185.00, 8
186.00, 8
187.00, 8
188.00, 8
189.00, 8
190.00, 8
191.00, 8
192.00, 8
193.00, 8
194.00, 8
195.00, 8
196.00, 8
197.00, 8
198.00, 8
199.00, 8
200.00, 8
201.00, 8
202.00, 8
203.00, 8
204.00, 8
205.00, 8
206.00, 8
207.00, 8
208.00, 8
209.00, 8
210.00, 8
211.00, 8
212.00, 8
213.00, 8
214.00, 8
215.00, 8
216.00, 8
217.00, 8
218.00, 8
219.00, 8
220.00, 8
221.00, 8
222.00, 8
223.00, 8
224.00, 8
225.00, 8
226.00, 8
227.00, 8
228.00, 8
229.00, 8
230.00, 8
231.00, 8
232.00, 8
233.00, 8
234.00, 8
235.00, 8
236.00, 8
237.00, 8
238.00, 8
239.00, 8
240.00, 8
241.00, 8
242.00, 8
243.00, 8
244.00, 8
245.00, 8
246.00, 8
247.00, 8
248.00, 8
249.00, 8
250.00, 8
251.00, 8
252.00, 8
253.00, 8
254.00, 8
255.00, 8
256.00, 8
257.00, 8
258.00, 8
259.00, 1
260.00, 1
261.00, 1
262.00, 1
263.00, 1
264.00, 1
265.00, 1
266.00, 1
267.00, 4
268.00, 4
269.00, 4
270.00, 4
271.00, 4
272.00, 4
273.00, 4
274.00, 4
275.00, 4
276.00, 4
277.00, 4
278.00, 4
279.00, 4
280.00, 4
281.00, 4
282.00, 4
283.00, 4
284.00, 4
285.00, 4
286.00, 4
287.00, 4
288.00, 4
289.00, 4
290.00, 4
291.00, 4
292.00, 4
293.00, 4
294.00, 4
295.00, 4
296.00, 4
297.00, 4
298.00, 4
299.00, 4
300.00, 4
301.00, 4
302.00, 4
303.00, 4
304.00, 4
305.00, 4
306.00, 4
307.00, 4
308.00, 4
309.00, 4
310.00, 4
311.00, 4
312.00, 4
313.00, 4
314.00, 4
315.00, 4
316.00, 4
317.00, 4
318.00, 4
319.00, 4
320.00, 4
321.00, 4
322.00, 4
323.00, 4
324.00, 4
325.00, 4
326.00, 4
327.00, 4
328.00, 4
329.00, 2
330.00, 2
331.00, 2
332.00, 2
333.00, 2
334.00, 2
335.00, 2
336.00, 2
337.00, 2
338.00, 2
339.00, 2
340.00, 2
341.00, 2
342.00, 2
343.00, 2
344.00, 2
345.00, 2
346.00, 2
347.00, 2
348.00, 2
349.00, 2
350.00, 2
351.00, 2
352.00, 2
353.00, 2
354.00, 2
355.00, 2
356.00, 2
357.00, 2
358.00, 2
359.00, 2
360.00, 5
361.00, 5
362.00, 5
363.00, 5
364.00, 5
365.00, 5
366.00, 5
367.00, 5
368.00, 5
369.00, 5
370.00, 5
371.00, 5
372.00, 5
373.00, 5
374.00, 5
375.00, 5
376.00, 5
377.00, 5
378.00, 5
379.00, 5
380.00, 5
381.00, 5
382.00, 5
383.00, 5
384.00, 5
385.00, 5
386.00, 5
387.00, 5
388.00, 5
389.00, 5
390.00, 5
391.00, 5
392.00, 5
393.00, 5
394.00, 5
395.00, 5
396.00, 5
397.00, 5
398.00, 5
399.00, 5
400.00, 5
401.00, 5
402.00, 5
403.00, 5
404.00, 5
405.00, 5
406.00, 5
407.00, 5
408.00, 5
409.00, 5
410.00, 5
411.00, 5
412.00, 5
413.00, 5
414.00, 5
415.00, 5
416.00, 5
417.00, 5
418.00, 5
419.00, 5
420.00, 5
421.00, 5
422.00, 5
423.00, 5
424.00, 5
425.00, 5
426.00, 5
427.00, 5
428.00, 5
429.00, 5
430.00, 5
431.00, 5
432.00, 5
433.00, 5
434.00, 5
435.00, 5
436.00, 5
437.00, 5
438.00, 5
439.00, 5
440.00, 5
441.00, 5
442.00, 5
443.00, 5
444.00, 5
445.00, 5
446.00, 5
447.00, 5
448.00, 5
449.00, 5
450.00, 5
451.00, 5
452.00, 5
453.00, 5
454.00, 5
455.00, 5
456.00, 5
457.00, 5
458.00, 5
459.00, 5
460.00, 5
461.00, 5
462.00, 5
463.00, 5
464.00, 5
465.00, 5
466.00, 5
467.00, 5
468.00, 5
469.00, 5
470.00, 5
471.00, 5
472.00, 5
473.00, 5
474.00, 5
475.00, 5
476.00, 5
477.00, 5
478.00, 5
479.00, 5
480.00, 5
481.00, 5
482.00, 5
483.00, 5
484.00, 5
485.00, 5
486.00, 5
487.00, 5
488.00, 5
489.00, 5
490.00, 5
491.00, 5
492.00, 5
493.00, 5
494.00, 5
495.00, 5
496.00, 5
497.00, 5
498.00, 2
499.00, 2
500.00, 2
501.00, 2
502.00, 2
503.00, 2
504.00, 2
505.00, 2
506.00, 2
507.00, 2
508.00, 2
509.00, 2
510.00, 2
511.00, 2
512.00, 2
513.00, 2
514.00, 2
515.00, 2
516.00, 2
517.00, 2
518.00, 2
519.00, 2
520.00, 2
521.00, 2
522.00, 2
523.00, 2
524.00, 2
525.00, 2
526.00, 2
527.00, 2
528.00, 2
529.00, 2
530.00, 2
531.00, 2
532.00, 2
533.00, 2
534.00, 2
535.00, 2
536.00, 2
537.00, 2
538.00, 2
539.00, 2
540.00, 2
541.00, 2
542.00, 2
543.00, 2
544.00, 2
545.00, 2
546.00, 2
547.00, 2
548.00, 2
549.00, 2
550.00, 2
551.00, 2
552.00, 2
553.00, 2
554.00, 2
555.00, 2
556.00, 2
557.00, 2
558.00, 2
559.00, 2
560.00, 2
561.00, 2
562.00, 2
563.00, 2
564.00, 2
565.00, 2
566.00, 2
567.00, 2
568.00, 2
569.00, 2
570.00, 2
571.00, 2
572.00, 2
573.00, 2
574.00, 2
575.00, 2
576.00, 2
577.00, 2
578.00, 2
579.00, 2
580.00, 2
581.00, 2
582.00, 2
583.00, 2
584.00, 2
585.00, 2
586.00, 2
587.00, 2
588.00, 2
589.00, 2
590.00, 2
591.00, 2
592.00, 2
593.00, 2
594.00, 2
595.00, 4
596.00, 4
597.00, 4
598.00, 4
599.00, 4
600.00, 4
601.00, 4
602.00, 4
603.00, 4
604.00, 4
605.00, 4
606.00, 4
607.00, 4
608.00, 4
609.00, 4
610.00, 4
611.00, 4
612.00, 4
613.00, 4
614.00, 4
615.00, 4
616.00, 4
617.00, 4
618.00, 4
619.00, 4
620.00, 4
621.00, 4
622.00, 4
623.00, 4
624.00, 4
625.00, 4
626.00, 4
627.00, 4
628.00, 4
629.00, 4
630.00, 4
631.00, 4
632.00, 4
633.00, 4
634.00, 4
635.00, 4
636.00, 4
637.00, 4
638.00, 4
639.00, 4
640.00, 4
641.00, 4
642.00, 4
643.00, 4
644.00, 4
645.00, 4
646.00, 2
647.00, 2
648.00, 2
649.00, 2
650.00, 2
651.00, 2
652.00, 2
653.00, 2
654.00, 2
655.00, 2
656.00, 2
657.00, 2
658.00, 2
659.00, 2
660.00, 2
661.00, 2
662.00, 2
663.00, 2
664.00, 2
665.00, 2
666.00, 2
667.00, 2
668.00, 2
669.00, 2
670.00, 2
671.00, 2
672.00, 2
673.00, 2
674.00, 2
675.00, 2
676.00, 2
677.00, 2
678.00, 2
679.00, 2
680.00, 2
681.00, 2
682.00, 2
683.00, 2
684.00, 2
685.00, 2
686.00, 2
687.00, 2
688.00, 2
689.00, 2
690.00, 2
691.00, 2
692.00, 2
693.00, 2
694.00, 2
695.00, 2
696.00, 2
697.00, 0
698.00, 0
699.00, 0
700.00, 0
701.00, 0
702.00, 0
703.00, 0
704.00, 0
705.00, 0
706.00, 0
707.00, 0
708.00, 0
709.00, 0
710.00, 0
711.00, 0
712.00, 0
713.00, 0
714.00, 0
715.00, 0
716.00, 0
717.00, 0
718.00, 0
719.00, 0
720.00, 0
721.00, 0
722.00, 0
723.00, 0
724.00, 0
725.00, 2
726.00, 2
727.00, 2
728.00, 2
729.00, 2
730.00, 2
731.00, 2
732.00, 2
733.00, 2
734.00, 2
735.00, 2
736.00, 2
737.00, 2
738.00, 2
739.00, 2
740.00, 2
741.00, 2
742.00, 2
743.00, 2
744.00, 2
745.00, 2
746.00, 2
747.00, 2
748.00, 4
749.00, 4
750.00, 4
751.00, 4
752.00, 4
753.00, 4
754.00, 4
755.00, 4
756.00, 4
757.00, 4
758.00, 4
759.00, 4
760.00, 4
761.00, 4
762.00, 4
763.00, 4
764.00, 4
765.00, 4
766.00, 4
767.00, 4
768.00, 4
769.00, 4
770.00, 1
771.00, 1
772.00, 1
773.00, 1
774.00, 1
775.00, 1
776.00, 1
777.00, 1
778.00, 1
779.00, 7
780.00, 7
781.00, 7
782.00, 7
783.00, 7
784.00, 7
785.00, 7
786.00, 7
787.00, 7
788.00, 7
789.00, 7
790.00, 7
791.00, 7
792.00, 7
793.00, 7
794.00, 7
795.00, 7
796.00, 7
797.00, 7
798.00, 7
799.00, 7
800.00, 6
801.00, 6
802.00, 6
803.00, 6
804.00, 6
805.00, 6
806.00, 6
807.00, 6
808.00, 6
809.00, 4
810.00, 4
811.00, 4
812.00, 4
813.00, 4
814.00, 4
815.00, 4
816.00, 4
817.00, 4
818.00, 4
819.00, 4
820.00, 4
821.00, 4
822.00, 4
823.00, 4
824.00, 4
825.00, 4
826.00, 4
827.00, 4
828.00, 4
829.00, 4
830.00, 4
831.00, 4
832.00, 4
833.00, 4
834.00, 4
835.00, 4
836.00, 4
837.00, 4
838.00, 4
839.00, 4
840.00, 4
841.00, 4
842.00, 4
843.00, 4
844.00, 4
845.00, 4
846.00, 4
847.00, 4
848.00, 4
849.00, 4
850.00, 4
851.00, 4
852.00, 4
853.00, 4
854.00, 4
855.00, 4
856.00, 4
857.00, 4
858.00, 4
859.00, 4
860.00, 4
861.00, 4
862.00, 4
863.00, 4
864.00, 4
865.00, 4
866.00, 4
867.00, 4
868.00, 4
869.00, 4
870.00, 4
871.00, 4
872.00, 4
873.00, 4
874.00, 4
875.00, 4
876.00, 1
877.00, 8
878.00, 8
879.00, 8
880.00, 8
881.00, 8
882.00, 8
883.00, 8
884.00, 8
885.00, 8
886.00, 8
887.00, 8
888.00, 8
889.00, 8
890.00, 8
891.00, 8
892.00, 8
893.00, 8
894.00, 8
895.00, 8
896.00, 8
897.00, 8
898.00, 8
899.00, 8
900.00, 8
901.00, 8
902.00, 8
903.00, 8
904.00, 8
905.00, 8
906.00, 8
907.00, 8
908.00, 8
909.00, 8
910.00, 8
911.00, 8
912.00, 8
913.00, 8
914.00, 8
915.00, 8
916.00, 8
917.00, 8
918.00, 8
919.00, 8
920.00, 8
921.00, 8
922.00, 8
923.00, 8
924.00, 8
925.00, 8
926.00, 8
927.00, 8
928.00, 8
929.00, 3
930.00, 3
931.00, 3
932.00, 3
933.00, 3
934.00, 3
935.00, 3
936.00, 3
937.00, 3
938.00, 3
939.00, 3
940.00, 3
941.00, 3
942.00, 3
943.00, 3
944.00, 3
945.00, 3
946.00, 3
947.00, 3
948.00, 3
949.00, 3
950.00, 3
951.00, 3
952.00, 5
953.00, 5
954.00, 5
955.00, 5
956.00, 5
957.00, 5
958.00, 5
959.00, 5
960.00, 5
961.00, 5
962.00, 5
963.00, 5
964.00, 5
965.00, 5
966.00, 5
967.00, 5
968.00, 5
969.00, 5
970.00, 5
971.00, 5
972.00, 5
973.00, 5
974.00, 5
975.00, 5
976.00, 5
977.00, 5
978.00, 5
979.00, 5
980.00, 5
981.00, 5
982.00, 5
983.00, 5
984.00, 5
985.00, 5
986.00, 5
987.00, 5
988.00, 5
989.00, 5
990.00, 5
991.00, 5
992.00, 5
993.00, 5
994.00, 5
995.00, 5
996.00, 5
997.00, 5
998.00, 5
999.00, 5