0.00, 3
1.00, 3
2.00, 3
3.00, 3
4.00, 3
5.00, 3
6.00, 3
7.00, 3
8.00, 3
9.00, 3
10.00, 3
11.00, 3
12.00, 3
13.00, 3
14.00, 3
15.00, 3
16.00, 3
17.00, 3
18.00, 3
19.00, 3
20.00, 3
21.00, 3
22.00, 3
23.00, 3
24.00, 3
25.00, 3
26.00, 3
27.00, 3
28.00, 3
29.00, 3
30.00, 3
31.00, 3
32.00, 3
33.00, 3
34.00, 3
35.00, 3
36.00, 3
37.00, 3
38.00, 3
39.00, 3
40.00, 3
41.00, 3
42.00, 3
43.00, 3
44.00, 5
45.00, 5
46.00, 5
47.00, 5
48.00, 5
49.00, 5
50.00, 5
51.00, 5
52.00, 5
53.00, 5
54.00, 5
55.00, 5
56.00, 5
57.00, 5
58.00, 5
59.00, 5
60.00, 5
61.00, 5
62.00, 5
63.00, 5
64.00, 5
65.00, 5
66.00, 5
67.00, 5
68.00, 5
69.00, 5
70.00, 5
71.00, 5
72.00, 5
73.00, 5
74.00, 5
75.00, 5
76.00, 5
77.00, 5
78.00, 5
79.00, 5
80.00, 5
81.00, 5
82.00, 5
83.00, 5
84.00, 5
85.00, 5
86.00, 5
87.00, 5
88.00, 5
89.00, 2
90.00, 2
91.00, 2
92.00, 2
93.00, 2
94.00, 2
95.00, 2
96.00, 2
97.00, 2
98.00, 2
99.00, 2
100.00, 2
101.00, 2
102.00, 2
103.00, 2
104.00, 2
105.00, 2
106.00, 2
107.00, 2
108.00, 2
109.00, 2
110.00, 2
111.00, 2
112.00, 2
113.00, 2
114.00, 2
115.00, 2
116.00, 2
117.00, 2
118.00, 2
119.00, 2
120.00, 2
121.00, 2
122.00, 2
123.00, 2
124.00, 2
125.00, 2
126.00, 2
127.00, 2
128.00, 2
129.00, 2
130.00, 2
131.00, 2
132.00, 2
133.00, 2
134.00, 2
135.00, 2
136.00, 2
137.00, 2
138.00, 2
139.00, 2
140.00, 2
141.00, 2
142.00, 2
143.00, 2
144.00, 2
145.00, 2
146.00, 4
147.00, 4
148.00, 4
149.00, 4
150.00, 4
151.00, 4
152.00, 4
153.00, 4
154.00, 4
155.00, 4
156.00, 4
157.00, 4
158.00, 4
159.00, 4
160.00, 4
161.00, 4
162.00, 4
163.00, 4
164.00, 4
165.00, 4
166.00, 4
167.00, 4
168.00, 4
169.00, 4
170.00, 4
171.00, 4
172.00, 4
173.00, 4
174.00, 4
175.00, 2
176.00, 2
177.00, 2
178.00, 2
179.00, 2
180.00, 2
181.00, 2
182.00, 2
183.00, 2
184.00, 2
185.00, 2
186.00, 2
187.00, 2
188.00, 2
189.00, 2
190.00, 2
191.00, 2
192.00, 2
193.00, 2
194.00, 2
195.00, 2
196.00, 2
197.00, 2
198.00, 2
199.00, 2
200.00, 2
201.00, 2
202.00, 2
203.00, 2
204.00, 2
205.00, 2
206.00, 2
207.00, 2
208.00, 2
209.00, 2
210.00, 2
211.00, 2
212.00, 2
213.00, 2
214.00, 2
215.00, 2
216.00, 2
217.00, 2
218.00, 2
219.00, 2
220.00, 2
221.00, 2
222.00, 2
223.00, 2
224.00, 2
225.00, 2
226.00, 2
227.00, 2
228.00, 2
229.00, 2
230.00, 2
231.00, 2
232.00, 2
233.00, 2
234.00, 2
235.00, 2
236.00, 2
237.00, 2
238.00, 2
239.00, 2
240.00, 2
241.00, 2
242.00, 2
243.00, 2
244.00, 2
245.00, 2
246.00, 2
247.00, 2
248.00, 2
249.00, 2
250.00, 2
251.00, 2
252.00, 2
253.00, 2
254.00, 2
255.00, 2
256.00, 2
257.00, 0
258.00, 0
259.00, 0
260.00, 0
261.00, 0
262.00, 0
263.00, 0
264.00, 0
265.00, 0
266.00, 0
267.00, 0
268.00, 0
269.00, 0
270.00, 0
271.00, 0
272.00, 0
273.00, 0
274.00, 0
275.00, 0
276.00, 0
277.00, 0
278.00, 0
279.00, 0
280.00, 0
281.00, 0
282.00, 0
283.00, 0
284.00, 0
285.00, 0
286.00, 0
287.00, 0
288.00, 0
289.00, 0
290.00, 0
291.00, 0
292.00, 0
293.00, 0
294.00, 0
295.00, 0
296.00, 0
297.00, 0
298.00, 0
299.00, 0
300.00, 0
301.00, 0
302.00, 6
303.00, 6
304.00, 6
305.00, 6
306.00, 6
307.00, 6
308.00, 6
309.00, 6
310.00, 6
311.00, 6
312.00, 6
313.00, 6
314.00, 6
315.00, 6
316.00, 6
317.00, 6
318.00, 6
319.00, 6
320.00, 6
321.00, 6
322.00, 6
323.00, 6
324.00, 6
325.00, 6
326.00, 6
327.00, 6
328.00, 6
329.00, 6
330.00, 6
331.00, 6
332.00, 6
333.00, 6
334.00, 6
335.00, 6
336.00, 6
337.00, 6
338.00, 6
339.00, 6
340.00, 6
341.00, 6
342.00, 6
343.00, 0
344.00, 0
345.00, 0
346.00, 0
347.00, 0
348.00, 0
349.00, 0
350.00, 0
351.00, 0
352.00, 0
353.00, 0
354.00, 0
355.00, 0
356.00, 0
357.00, 0
358.00, 0
359.00, 0
360.00, 0
361.00, 0
362.00, 0
363.00, 0
364.00, 0
365.00, 0
366.00, 0
367.00, 0
368.00, 0
369.00, 0
370.00, 0
371.00, 0
372.00, 0
373.00, 0
374.00, 0
375.00, 0
376.00, 0
377.00, 0
378.00, 0
379.00, 0
380.00, 0
381.00, 0
382.00, 0
383.00, 0
384.00, 0
385.00, 0
386.00, 0
387.00, 0
388.00, 0
389.00, 0
390.00, 0
391.00, 0
392.00, 0
393.00, 0
394.00, 0
395.00, 0
396.00, 0
397.00, 0
398.00, 0
399.00, 0
400.00, 0
401.00, 0
402.00, 0
403.00, 0
404.00, 0
405.00, 0
406.00, 0
407.00, 0
408.00, 0
409.00, 0
410.00, 0
411.00, 0
412.00, 0
413.00, 0
414.00, 0
415.00, 0
416.00, 0
417.00, 0
418.00, 0
419.00, 0
420.00, 0
421.00, 6
422.00, 6
423.00, 6
424.00, 6
425.00, 6
426.00, 6
427.00, 6
428.00, 6
429.00, 6
430.00, 6
431.00, 6
432.00, 6
433.00, 6
434.00, 6
435.00, 6
436.00, 6
437.00, 6
438.00, 6
439.00, 6
440.00, 6
441.00, 6
442.00, 6
443.00, 6
444.00, 6
445.00, 6
446.00, 6
447.00, 6
448.00, 6
449.00, 6
450.00, 6
451.00, 6
452.00, 6
453.00, 6
454.00, 6
455.00, 6
456.00, 6
457.00, 6
458.00, 6
459.00, 6
460.00, 6
461.00, 6
462.00, 6
463.00, 6
464.00, 6
465.00, 6
466.00, 6
467.00, 6
468.00, 6
469.00, 6
470.00, 6
471.00, 6
472.00, 6
473.00, 6
474.00, 0
475.00, 0
476.00, 0
477.00, 0
478.00, 0
479.00, 0
480.00, 0
481.00, 0
482.00, 0
483.00, 0
484.00, 0
485.00, 0
486.00, 0
487.00, 0
488.00, 0
489.00, 0
490.00, 0
491.00, 0
492.00, 0
493.00, 0
494.00, 0
495.00, 0
496.00, 0
497.00, 0
498.00, 0
499.00, 0
500.00, 0
501.00, 0
502.00, 0
503.00, 0
504.00, 0
505.00, 0
506.00, 0
507.00, 0
508.00, 0
509.00, 0
510.00, 0
511.00, 0
512.00, 0
513.00, 0
514.00, 0
515.00, 0
516.00, 0
517.00, 0
518.00, 0
519.00, 0
520.00, 0
521.00, 0
522.00, 0
523.00, 0
524.00, 0
525.00, 0
526.00, 0
527.00, 0
528.00, 0
529.00, 0
530.00, 2
531.00, 2
532.00, 2
533.00, 2
534.00, 2
535.00, 2
536.00, 2
537.00, 2
538.00, 2
539.00, 2
540.00, 2
541.00, 2
542.00, 2
543.00, 2
544.00, 2
545.00, 2
546.00, 2
547.00, 2
548.00, 2
549.00, 2
550.00, 2
551.00, 2
552.00, 2
553.00, 2
554.00, 2
555.00, 2
556.00, 2
557.00, 2
558.00, 2
559.00, 2
560.00, 2
561.00, 2
562.00, 2
563.00, 2
564.00, 2
565.00, 2
566.00, 2
567.00, 2
568.00, 2
569.00, 2
570.00, 2
571.00, 2
572.00, 2
573.00, 5
574.00, 5
575.00, 5
576.00, 5
577.00, 5
578.00, 5
579.00, 5
580.00, 5
581.00, 5
582.00, 5
583.00, 5
584.00, 5
585.00, 5
586.00, 5
587.00, 5
588.00, 5
589.00, 5
590.00, 5
591.00, 5
592.00, 5
593.00, 5
594.00, 5
595.00, 5
596.00, 5
597.00, 5
598.00, 5
599.00, 5
600.00, 5
601.00, 5
602.00, 5
603.00, 5
604.00, 5
605.00, 5
606.00, 5
607.00, 5
608.00, 5
609.00, 3
610.00, 3
611.00, 3
612.00, 3
613.00, 3
614.00, 3
615.00, 3
616.00, 3
617.00, 3
618.00, 3
619.00, 5
620.00, 5
621.00, 5
622.00, 5
623.00, 5
624.00, 5
625.00, 5
626.00, 5
627.00, 5
628.00, 5
629.00, 5
630.00, 5
631.00, 5
632.00, 5
633.00, 5
634.00, 5
635.00, 5
636.00, 5
637.00, 5
638.00, 5
639.00, 5
640.00, 5
641.00, 5
642.00, 5
643.00, 5
644.00, 5
645.00, 5
646.00, 5
647.00, 5
648.00, 5
649.00, 5
650.00, 5
651.00, 5
652.00, 5
653.00, 5
654.00, 5
655.00, 5
656.00, 5
657.00, 5
658.00, 5
659.00, 5
660.00, 5
661.00, 5
662.00, 5
663.00, 5
664.00, 5
665.00, 5
666.00, 5
667.00, 5
668.00, 5
669.00, 5
670.00, 5
671.00, 5
672.00, 5
673.00, 5
674.00, 5
675.00, 5
676.00, 5
677.00, 5
678.00, 5
679.00, 5
680.00, 5
681.00, 5
682.00, 5
683.00, 5
684.00, 5
685.00, 5
686.00, 5
687.00, 3
688.00, 3
689.00, 3
690.00, 3
691.00, 3
692.00, 3
693.00, 3
694.00, 3
695.00, 3
696.00, 3
697.00, 3
698.00, 3
699.00, 3
700.00, 3
701.00, 3
702.00, 3
703.00, 3
704.00, 3
705.00, 3
706.00, 3
707.00, 3
708.00, 3
709.00, 3
710.00, 3
711.00, 3
712.00, 3
713.00, 3
714.00, 3
715.00, 3
716.00, 3
717.00, 3
718.00, 3
719.00, 3
720.00, 3
721.00, 3
722.00, 3
723.00, 3
724.00, 3
725.00, 3
726.00, 3
727.00, 3
728.00, 3
729.00, 3
730.00, 3
731.00, 3
732.00, 8
733.00, 8
734.00, 8
735.00, 8
736.00, 8
737.00, 8
738.00, 8
739.00, 8
740.00, 8
741.00, 8
742.00, 8
743.00, 8
744.00, 8
745.00, 8
746.00, 8
747.00, 8
748.00, 8
749.00, 8
750.00, 8
751.00, 8
752.00, 8
753.00, 8
754.00, 8
755.00, 8
756.00, 8
757.00, 8
758.00, 8
759.00, 8
760.00, 8
761.00, 8
762.00, 8
763.00, 8
764.00, 8
765.00, 8
766.00, 8
767.00, 8
768.00, 8
769.00, 8
770.00, 8
771.00, 8
772.00, 8
773.00, 8
774.00, 8
775.00, 8
776.00, 8
777.00, 8
778.00, 8
779.00, 8
780.00, 8
781.00, 8
782.00, 8
783.00, 8
784.00, 8
785.00, 8
786.00, 8
787.00, 8
788.00, 8
789.00, 8
790.00, 8
791.00, 8
792.00, 8
793.00, 8
794.00, 8
795.00, 8
796.00, 8
797.00, 8
798.00, 8
799.00, 8
800.00, 8
801.00, 8
802.00, 8
803.00, 8
804.00, 8
805.00, 8
806.00, 8
807.00, 8
808.00, 8
809.00, 8
810.00, 8
811.00, 8
812.00, 8
813.00, 8
814.00, 8
815.00, 8
816.00, 8
817.00, 8
818.00, 8
819.00, 8
820.00, 8
821.00, 8
822.00, 8
823.00, 8
824.00, 8
825.00, 4
826.00, 4
827.00, 4
828.00, 4
829.00, 4
830.00, 4
831.00, 4
832.00, 4
833.00, 4
834.00, 4
835.00, 4
836.00, 4
837.00, 4
838.00, 4
839.00, 4
840.00, 4
841.00, 4
842.00, 1
843.00, 1
844.00, 1
845.00, 1
846.00, 1
847.00, 1
848.00, 1
849.00, 1
850.00, 8
851.00, 8
852.00, 8
853.00, 8
854.00, 8
855.00, 8
856.00, 8
857.00, 8
858.00, 8
859.00, 8
860.00, 8
861.00, 8
862.00, 8
863.00, 8
864.00, 8
865.00, 8
866.00, 8
867.00, 8
868.00, 8
869.00, 8
870.00, 8
871.00, 8
872.00, 8
873.00, 8
874.00, 8
875.00, 8
876.00, 8
877.00, 8
878.00, 8
879.00, 8
880.00, 8
881.00, 8
882.00, 8
883.00, 8
884.00, 8
885.00, 8
886.00, 8
887.00, 8
888.00, 8
889.00, 8
890.00, 8
891.00, 8
892.00, 8
893.00, 8
894.00, 8
895.00, 8
896.00, 8
897.00, 8
898.00, 8
899.00, 8
900.00, 8
901.00, 8
902.00, 8
903.00, 8
904.00, 8
905.00, 8
906.00, 8
907.00, 8
908.00, 8
909.00, 8
910.00, 8
911.00, 8
912.00, 8
913.00, 8
914.00, 8
915.00, 8
916.00, 8
917.00, 8
918.00, 8
919.00, 1
920.00, 1
921.00, 1
922.00, 1
923.00, 1
924.00, 1
925.00, 1
926.00, 1
927.00, 1
928.00, 1
929.00, 1
930.00, 1
931.00, 1
932.00, 1
933.00, 1
934.00, 1
935.00, 1
936.00, 1
937.00, 1
938.00, 1
939.00, 1
940.00, 1
941.00, 1
942.00, 1
943.00, 1
944.00, 1
945.00, 1
946.00, 1
947.00, 1
948.00, 1
949.00, 1
950.00, 1
951.00, 1
952.00, 1
953.00, 1
954.00, 1
955.00, 1
956.00, 1
957.00, 1
958.00, 7
959.00, 7
960.00, 7
961.00, 7
962.00, 7
963.00, 7
964.00, 7
965.00, 7
966.00, 7
967.00, 7
968.00, 7
969.00, 7
970.00, 7
971.00, 7
972.00, 7
973.00, 7
974.00, 7
975.00, 7
976.00, 7
977.00, 7
978.00, 7
979.00, 7
980.00, 7
981.00, 7
982.00, 7
983.00, 7
984.00, 7
985.00, 7
986.00, 7
987.00, 7
988.00, 7
989.00, 7
990.00, 7
991.00, 7
992.00, 7
993.00, 7
994.00, 7
995.00, 7
996.00, 7
997.00, 7
998.00, 7
999.00, 7