0.00, 2
1.00, 2
2.00, 2
3.00, 2
4.00, 2
5.00, 2
6.00, 2
7.00, 2
8.00, 2
9.00, 2
10.00, 2
11.00, 5
12.00, 5
13.00, 5
14.00, 5
15.00, 5
16.00, 5
17.00, 5
18.00, 5
19.00, 5
20.00, 5
21.00, 5
22.00, 5
23.00, 5
24.00, 5
25.00, 5
26.00, 5
27.00, 5
28.00, 5
29.00, 5
30.00, 5
31.00, 5
32.00, 5
33.00, 5
34.00, 5
35.00, 5
36.00, 5
37.00, 5
38.00, 5
39.00, 5
40.00, 5
41.00, 5
42.00, 5
43.00, 5
44.00, 5
45.00, 5
46.00, 5
47.00, 5
48.00, 5
49.00, 5
50.00, 5
51.00, 5
52.00, 5
53.00, 5
54.00, 5
55.00, 5
56.00, 5
57.00, 5
58.00, 5
59.00, 5
60.00, 5
61.00, 5
62.00, 5
63.00, 5
64.00, 5
65.00, 5
66.00, 5
67.00, 5
68.00, 5
69.00, 3
70.00, 3
71.00, 3
72.00, 3
73.00, 3
74.00, 3
75.00, 3
76.00, 3
77.00, 3
78.00, 3
79.00, 3
80.00, 3
81.00, 3
82.00, 3
83.00, 3
84.00, 3
85.00, 3
86.00, 3
87.00, 3
88.00, 3
89.00, 3
90.00, 3
91.00, 3
92.00, 3
93.00, 3
94.00, 3
95.00, 3
96.00, 3
97.00, 3
98.00, 3
99.00, 3
100.00, 3
101.00, 3
102.00, 3
103.00, 3
104.00, 3
105.00, 3
106.00, 3
107.00, 3
108.00, 3
109.00, 3
110.00, 3
111.00, 3
112.00, 8
113.00, 8
114.00, 8
115.00, 8
116.00, 8
117.00, 8
118.00, 8
119.00, 8
120.00, 8
121.00, 8
122.00, 8
123.00, 8
124.00, 8
125.00, 8
126.00, 8
127.00, 8
128.00, 8
129.00, 8
130.00, 8
131.00, 8
132.00, 8
133.00, 8
134.00, 8
135.00, 8
136.00, 8
137.00, 8
138.00, 8
139.00, 8
140.00, 8
141.00, 8
142.00, 8
143.00, 8
144.00, 8
145.00, 8
146.00, 8
147.00, 8
148.00, 8
149.00, 8
150.00, 8
151.00, 8
152.00, 8
153.00, 8
154.00, 8
155.00, 8
156.00, 8
157.00, 8
158.00, 8
159.00, 8
160.00, 8
161.00, 8
162.00, 8
163.00, 8
164.00, 8
165.00, 8
166.00, 8
167.00, 8
168.00, 1
169.00, 1
170.00, 1
171.00, 1
172.00, 1
173.00, 1
174.00, 1
175.00, 1
176.00, 1
177.00, 1
178.00, 1
179.00, 1
180.00, 1
181.00, 1
182.00, 1
183.00, 1
184.00, 1
185.00, 1
186.00, 1
187.00, 1
188.00, 1
189.00, 1
190.00, 1
191.00, 1
192.00, 1
193.00, 1
194.00, 1
195.00, 1
196.00, 1
197.00, 1
198.00, 1
199.00, 1
200.00, 1
201.00, 1
202.00, 1
203.00, 1
204.00, 1
205.00, 1
206.00, 1
207.00, 1
208.00, 1
209.00, 1
210.00, 1
211.00, 1
212.00, 1
213.00, 7
214.00, 7
215.00, 7
216.00, 7
217.00, 7
218.00, 7
219.00, 7
220.00, 7
221.00, 7
222.00, 7
223.00, 7
224.00, 7
225.00, 7
226.00, 7
227.00, 7
228.00, 7
229.00, 7
230.00, 7
231.00, 7
232.00, 7
233.00, 0
234.00, 4
235.00, 4
236.00, 4
237.00, 4
238.00, 4
239.00, 4
240.00, 4
241.00, 4
242.00, 4
243.00, 4
244.00, 4
245.00, 4
246.00, 4
247.00, 4
248.00, 4
249.00, 4
250.00, 4
251.00, 4
252.00, 4
253.00, 4
254.00, 4
255.00, 4
256.00, 4
257.00, 4
258.00, 4
259.00, 4
260.00, 4
261.00, 4
262.00, 4
263.00, 4
264.00, 4
265.00, 4
266.00, 4
267.00, 4
268.00, 4
269.00, 4
270.00, 4
271.00, 4
272.00, 4
273.00, 4
274.00, 4
275.00, 4
276.00, 4
277.00, 4
278.00, 4
279.00, 3
280.00, 3
281.00, 3
282.00, 3
283.00, 3
284.00, 3
285.00, 3
286.00, 3
287.00, 3
288.00, 3
289.00, 3
290.00, 3
291.00, 3
292.00, 3
293.00, 3
294.00, 3
295.00, 3
296.00, 3
297.00, 3
298.00, 3
299.00, 3
300.00, 3
301.00, 3
302.00, 3
303.00, 3
304.00, 3
305.00, 3
306.00, 3
307.00, 3
308.00, 3
309.00, 3
310.00, 3
311.00, 3
312.00, 3
313.00, 3
314.00, 3
315.00, 3
316.00, 3
317.00, 3
318.00, 3
319.00, 3
320.00, 3
321.00, 5
322.00, 5
323.00, 5
324.00, 5
325.00, 5
326.00, 5
327.00, 5
328.00, 5
329.00, 5
330.00, 5
331.00, 5
332.00, 3
333.00, 3
334.00, 3
335.00, 3
336.00, 3
337.00, 3
338.00, 3
339.00, 3
340.00, 3
341.00, 3
342.00, 3
343.00, 3
344.00, 3
345.00, 3
346.00, 3
347.00, 3
348.00, 3
349.00, 3
350.00, 3
351.00, 3
352.00, 3
353.00, 3
354.00, 3
355.00, 3
356.00, 3
357.00, 3
358.00, 3
359.00, 3
360.00, 3
361.00, 3
362.00, 3
363.00, 3
364.00, 3
365.00, 3
366.00, 3
367.00, 3
368.00, 3
369.00, 3
370.00, 3
371.00, 3
372.00, 3
373.00, 3
374.00, 3
375.00, 3
376.00, 3
377.00, 3
378.00, 3
379.00, 3
380.00, 0
381.00, 4
382.00, 4
383.00, 4
384.00, 4
385.00, 4
386.00, 4
387.00, 4
388.00, 4
389.00, 4
390.00, 2
391.00, 2
392.00, 2
393.00, 2
394.00, 2
395.00, 2
396.00, 2
397.00, 2
398.00, 2
399.00, 2
400.00, 5
401.00, 5
402.00, 5
403.00, 5
404.00, 5
405.00, 5
406.00, 5
407.00, 5
408.00, 5
409.00, 5
410.00, 5
411.00, 5
412.00, 5
413.00, 5
414.00, 5
415.00, 5
416.00, 5
417.00, 5
418.00, 5
419.00, 5
420.00, 5
421.00, 5
422.00, 5
423.00, 5
424.00, 5
425.00, 5
426.00, 5
427.00, 5
428.00, 5
429.00, 5
430.00, 5
431.00, 5
432.00, 3
433.00, 3
434.00, 3
435.00, 3
436.00, 3
437.00, 3
438.00, 3
439.00, 3
440.00, 3
441.00, 3
442.00, 3
443.00, 3
444.00, 3
445.00, 3
446.00, 3
447.00, 3
448.00, 3
449.00, 3
450.00, 3
451.00, 3
452.00, 3
453.00, 3
454.00, 3
455.00, 3
456.00, 3
457.00, 3
458.00, 3
459.00, 3
460.00, 3
461.00, 3
462.00, 3
463.00, 3
464.00, 3
465.00, 3
466.00, 3
467.00, 3
468.00, 3
469.00, 3
470.00, 3
471.00, 3
472.00, 3
473.00, 4
474.00, 4
475.00, 4
476.00, 4
477.00, 4
478.00, 4
479.00, 4
480.00, 4
481.00, 4
482.00, 4
483.00, 4
484.00, 4
485.00, 4
486.00, 4
487.00, 4
488.00, 4
489.00, 4
490.00, 4
491.00, 4
492.00, 4
493.00, 4
494.00, 4
495.00, 4
496.00, 4
497.00, 4
498.00, 4
499.00, 4
500.00, 4
501.00, 4
502.00, 4
503.00, 4
504.00, 4
505.00, 4
506.00, 4
507.00, 4
508.00, 4
509.00, 4
510.00, 4
511.00, 4
512.00, 4
513.00, 4
514.00, 4
515.00, 4
516.00, 4
517.00, 4
518.00, 4
519.00, 4
520.00, 4
521.00, 4
522.00, 4
523.00, 4
524.00, 4
525.00, 4
526.00, 4
527.00, 4
528.00, 4
529.00, 4
530.00, 4
531.00, 4
532.00, 1
533.00, 1
534.00, 1
535.00, 1
536.00, 1
537.00, 1
538.00, 1
539.00, 1
540.00, 1
541.00, 1
542.00, 1
543.00, 1
544.00, 1
545.00, 1
546.00, 1
547.00, 1
548.00, 1
549.00, 1
550.00, 1
551.00, 1
552.00, 1
553.00, 1
554.00, 1
555.00, 1
556.00, 1
557.00, 1
558.00, 1
559.00, 1
560.00, 1
561.00, 1
562.00, 1
563.00, 1
564.00, 1
565.00, 1
566.00, 1
567.00, 1
568.00, 1
569.00, 1
570.00, 1
571.00, 1
572.00, 1
573.00, 1
574.00, 1
575.00, 1
576.00, 8
577.00, 8
578.00, 8
579.00, 8
580.00, 8
581.00, 8
582.00, 8
583.00, 8
584.00, 8
585.00, 8
586.00, 8
587.00, 8
588.00, 8
589.00, 8
590.00, 8
591.00, 8
592.00, 8
593.00, 8
594.00, 8
595.00, 8
596.00, 8
597.00, 8
598.00, 8
599.00, 8
600.00, 8
601.00, 8
602.00, 8
603.00, 8
604.00, 8
605.00, 8
606.00, 8
607.00, 8
608.00, 8
609.00, 8
610.00, 8
611.00, 8
612.00, 8
613.00, 8
614.00, 8
615.00, 8
616.00, 8
617.00, 8
618.00, 8
619.00, 8
620.00, 8
621.00, 8
622.00, 8
623.00, 8
624.00, 8
625.00, 8
626.00, 8
627.00, 8
628.00, 8
629.00, 8
630.00, 8
631.00, 8
632.00, 8
633.00, 8
634.00, 8
635.00, 8
636.00, 8
637.00, 3
638.00, 3
639.00, 3
640.00, 3
641.00, 3
642.00, 3
643.00, 3
644.00, 3
645.00, 3
646.00, 3
647.00, 3
648.00, 3
649.00, 3
650.00, 3
651.00, 3
652.00, 3
653.00, 3
654.00, 3
655.00, 3
656.00, 3
657.00, 3
658.00, 3
659.00, 3
660.00, 3
661.00, 3
662.00, 3
663.00, 3
664.00, 3
665.00, 3
666.00, 3
667.00, 3
668.00, 3
669.00, 3
670.00, 3
671.00, 3
672.00, 3
673.00, 3
674.00, 3
675.00, 3
676.00, 3
677.00, 3
678.00, 3
679.00, 3
680.00, 3
681.00, 3
682.00, 3
683.00, 3
684.00, 3
685.00, 3
686.00, 3
687.00, 3
688.00, 3
689.00, 3
690.00, 3
691.00, 3
692.00, 3
693.00, 3
694.00, 3
695.00, 3
696.00, 3
697.00, 3
698.00, 3
699.00, 3
700.00, 3
701.00, 3
702.00, 3
703.00, 3
704.00, 3
705.00, 3
706.00, 3
707.00, 3
708.00, 3
709.00, 3
710.00, 3
711.00, 3
712.00, 3
713.00, 3
714.00, 3
715.00, 3
716.00, 3
717.00, 3
718.00, 3
719.00, 3
720.00, 3
721.00, 3
722.00, 3
723.00, 3
724.00, 3
725.00, 3
726.00, 3
727.00, 3
728.00, 3
729.00, 2
730.00, 2
731.00, 2
732.00, 2
733.00, 2
734.00, 2
735.00, 2
736.00, 2
737.00, 2
738.00, 2
739.00, 2
740.00, 2
741.00, 2
742.00, 2
743.00, 2
744.00, 2
745.00, 2
746.00, 2
747.00, 2
748.00, 2
749.00, 2
750.00, 2
751.00, 2
752.00, 2
753.00, 2
754.00, 2
755.00, 2
756.00, 2
757.00, 2
758.00, 2
759.00, 2
760.00, 2
761.00, 2
762.00, 2
763.00, 2
764.00, 2
765.00, 2
766.00, 2
767.00, 2
768.00, 2
769.00, 2
770.00, 2
771.00, 2
772.00, 2
773.00, 2
774.00, 2
775.00, 2
776.00, 2
777.00, 2
778.00, 2
779.00, 2
780.00, 2
781.00, 2
782.00, 2
783.00, 2
784.00, 2
785.00, 2
786.00, 5
787.00, 5
788.00, 5
789.00, 5
790.00, 5
791.00, 5
792.00, 5
793.00, 5
794.00, 5
795.00, 5
796.00, 5
797.00, 5
798.00, 5
799.00, 5
800.00, 5
801.00, 5
802.00, 5
803.00, 5
804.00, 5
805.00, 5
806.00, 5
807.00, 5
808.00, 5
809.00, 5
810.00, 5
811.00, 5
812.00, 5
813.00, 5
814.00, 5
815.00, 5
816.00, 5
817.00, 5
818.00, 5
819.00, 5
820.00, 5
821.00, 5
822.00, 5
823.00, 5
824.00, 5
825.00, 5
826.00, 5
827.00, 5
828.00, 5
829.00, 5
830.00, 5
831.00, 5
832.00, 5
833.00, 5
834.00, 5
835.00, 5
836.00, 5
837.00, 5
838.00, 5
839.00, 5
840.00, 5
841.00, 5
842.00, 5
843.00, 5
844.00, 5
845.00, 5
846.00, 3
847.00, 3
848.00, 3
849.00, 3
850.00, 3
851.00, 3
852.00, 3
853.00, 3
854.00, 3
855.00, 3
856.00, 3
857.00, 5
858.00, 5
859.00, 5
860.00, 5
861.00, 5
862.00, 5
863.00, 5
864.00, 5
865.00, 5
866.00, 5
867.00, 5
868.00, 5
869.00, 5
870.00, 5
871.00, 5
872.00, 5
873.00, 5
874.00, 5
875.00, 5
876.00, 5
877.00, 5
878.00, 5
879.00, 5
880.00, 5
881.00, 5
882.00, 5
883.00, 5
884.00, 5
885.00, 5
886.00, 5
887.00, 5
888.00, 5
889.00, 5
890.00, 3
891.00, 3
892.00, 3
893.00, 3
894.00, 3
895.00, 3
896.00, 3
897.00, 3
898.00, 3
899.00, 3
900.00, 3
901.00, 3
902.00, 3
903.00, 3
904.00, 3
905.00, 3
906.00, 3
907.00, 3
908.00, 3
909.00, 3
910.00, 3
911.00, 3
912.00, 3
913.00, 3
914.00, 3
915.00, 3
916.00, 3
917.00, 3
918.00, 3
919.00, 3
920.00, 3
921.00, 3
922.00, 3
923.00, 3
924.00, 3
925.00, 3
926.00, 3
927.00, 3
928.00, 3
929.00, 3
930.00, 3
931.00, 3
932.00, 3
933.00, 3
934.00, 3
935.00, 3
936.00, 3
937.00, 3
938.00, 3
939.00, 3
940.00, 3
941.00, 3
942.00, 3
943.00, 8
944.00, 8
945.00, 8
946.00, 8
947.00, 8
948.00, 8
949.00, 8
950.00, 8
951.00, 8
952.00, 8
953.00, 8
954.00, 8
955.00, 8
956.00, 8
957.00, 1
958.00, 1
959.00, 1
960.00, 1
961.00, 1
962.00, 1
963.00, 1
964.00, 1
965.00, 1
966.00, 1
967.00, 1
968.00, 1
969.00, 1
970.00, 1
971.00, 1
972.00, 1
973.00, 1
974.00, 1
975.00, 1
976.00, 1
977.00, 1
978.00, 1
979.00, 1
980.00, 1
981.00, 1
982.00, 1
983.00, 1
984.00, 1
985.00, 1
986.00, 1
987.00, 1
988.00, 6
989.00, 6
990.00, 6
991.00, 6
992.00, 6
993.00, 6
994.00, 6
995.00, 6
996.00, 6
997.00, 6
998.00, 6
999.00, 6