0.00, 2
1.00, 2
2.00, 2
3.00, 2
4.00, 2
5.00, 2
6.00, 2
7.00, 2
8.00, 2
9.00, 2
10.00, 2
11.00, 2
12.00, 2
13.00, 2
14.00, 2
15.00, 2
16.00, 5
17.00, 5
18.00, 5
19.00, 5
20.00, 5
21.00, 5
22.00, 5
23.00, 5
24.00, 5
25.00, 5
26.00, 5
27.00, 5
28.00, 5
29.00, 5
30.00, 5
31.00, 5
32.00, 5
33.00, 5
34.00, 5
35.00, 5
36.00, 5
37.00, 5
38.00, 5
39.00, 5
40.00, 5
41.00, 5
42.00, 5
43.00, 5
44.00, 5
45.00, 5
46.00, 5
47.00, 5
48.00, 5
49.00, 5
50.00, 5
51.00, 5
52.00, 5
53.00, 5
54.00, 5
55.00, 5
56.00, 5
57.00, 5
58.00, 5
59.00, 5
60.00, 5
61.00, 5
62.00, 5
63.00, 5
64.00, 5
65.00, 5
66.00, 5
67.00, 5
68.00, 5
69.00, 5
70.00, 5
71.00, 5
72.00, 5
73.00, 5
74.00, 5
75.00, 5
76.00, 5
77.00, 5
78.00, 5
79.00, 5
80.00, 5
81.00, 5
82.00, 5
83.00, 5
84.00, 5
85.00, 5
86.00, 5
87.00, 5
88.00, 5
89.00, 5
90.00, 5
91.00, 5
92.00, 5
93.00, 5
94.00, 5
95.00, 5
96.00, 5
97.00, 5
98.00, 5
99.00, 5
100.00, 5
101.00, 5
102.00, 5
103.00, 5
104.00, 5
105.00, 5
106.00, 5
107.00, 5
108.00, 5
109.00, 5
110.00, 5
111.00, 5
112.00, 5
113.00, 5
114.00, 5
115.00, 5
116.00, 5
117.00, 5
118.00, 5
119.00, 5
120.00, 5
121.00, 5
122.00, 5
123.00, 5
124.00, 5
125.00, 5
126.00, 3
127.00, 3
128.00, 3
129.00, 3
130.00, 3
131.00, 3
132.00, 3
133.00, 3
134.00, 3
135.00, 3
136.00, 3
137.00, 3
138.00, 3
139.00, 3
140.00, 3
141.00, 3
142.00, 3
143.00, 3
144.00, 3
145.00, 3
146.00, 3
147.00, 3
148.00, 3
149.00, 3
150.00, 3
151.00, 3
152.00, 3
153.00, 3
154.00, 3
155.00, 3
156.00, 3
157.00, 3
158.00, 3
159.00, 3
160.00, 3
161.00, 3
162.00, 3
163.00, 3
164.00, 3
165.00, 3
166.00, 3
167.00, 3
168.00, 3
169.00, 3
170.00, 3
171.00, 3
172.00, 3
173.00, 3
174.00, 8
175.00, 8
176.00, 8
177.00, 8
178.00, 8
179.00, 8
180.00, 8
181.00, 8
182.00, 8
183.00, 8
184.00, 8
185.00, 8
186.00, 8
187.00, 8
188.00, 8
189.00, 8
190.00, 8
191.00, 8
192.00, 8
193.00, 8
194.00, 8
195.00, 8
196.00, 8
197.00, 8
198.00, 8
199.00, 8
200.00, 8
201.00, 8
202.00, 8
203.00, 8
204.00, 8
205.00, 8
206.00, 8
207.00, 8
208.00, 8
209.00, 8
210.00, 8
211.00, 8
212.00, 8
213.00, 8
214.00, 8
215.00, 8
216.00, 1
217.00, 1
218.00, 1
219.00, 1
220.00, 1
221.00, 1
222.00, 1
223.00, 1
224.00, 1
225.00, 1
226.00, 1
227.00, 1
228.00, 1
229.00, 1
230.00, 1
231.00, 1
232.00, 1
233.00, 1
234.00, 1
235.00, 1
236.00, 1
237.00, 1
238.00, 1
239.00, 1
240.00, 1
241.00, 1
242.00, 1
243.00, 1
244.00, 1
245.00, 1
246.00, 1
247.00, 1
248.00, 1
249.00, 1
250.00, 1
251.00, 1
252.00, 1
253.00, 1
254.00, 1
255.00, 1
256.00, 1
257.00, 1
258.00, 1
259.00, 1
260.00, 1
261.00, 1
262.00, 1
263.00, 1
264.00, 1
265.00, 1
266.00, 1
267.00, 1
268.00, 1
269.00, 1
270.00, 1
271.00, 1
272.00, 1
273.00, 1
274.00, 1
275.00, 1
276.00, 1
277.00, 1
278.00, 1
279.00, 1
280.00, 1
281.00, 7
282.00, 7
283.00, 7
284.00, 7
285.00, 7
286.00, 7
287.00, 7
288.00, 7
289.00, 7
290.00, 7
291.00, 7
292.00, 7
293.00, 7
294.00, 7
295.00, 7
296.00, 7
297.00, 7
298.00, 7
299.00, 7
300.00, 7
301.00, 7
302.00, 7
303.00, 7
304.00, 7
305.00, 7
306.00, 7
307.00, 7
308.00, 7
309.00, 7
310.00, 7
311.00, 7
312.00, 7
313.00, 7
314.00, 7
315.00, 7
316.00, 7
317.00, 7
318.00, 7
319.00, 7
320.00, 7
321.00, 7
322.00, 7
323.00, 7
324.00, 7
325.00, 7
326.00, 7
327.00, 7
328.00, 7
329.00, 7
330.00, 7
331.00, 7
332.00, 7
333.00, 7
334.00, 7
335.00, 7
336.00, 7
337.00, 7
338.00, 7
339.00, 7
340.00, 7
341.00, 7
342.00, 7
343.00, 7
344.00, 7
345.00, 7
346.00, 7
347.00, 7
348.00, 7
349.00, 7
350.00, 7
351.00, 7
352.00, 7
353.00, 7
354.00, 7
355.00, 7
356.00, 7
357.00, 7
358.00, 7
359.00, 7
360.00, 7
361.00, 7
362.00, 7
363.00, 7
364.00, 7
365.00, 7
366.00, 7
367.00, 7
368.00, 7
369.00, 7
370.00, 7
371.00, 7
372.00, 7
373.00, 7
374.00, 7
375.00, 7
376.00, 7
377.00, 7
378.00, 7
379.00, 7
380.00, 7
381.00, 7
382.00, 7
383.00, 7
384.00, 7
385.00, 7
386.00, 7
387.00, 7
388.00, 7
389.00, 7
390.00, 7
391.00, 7
392.00, 7
393.00, 7
394.00, 7
395.00, 7
396.00, 7
397.00, 7
398.00, 7
399.00, 7
400.00, 7
401.00, 7
402.00, 7
403.00, 7
404.00, 7
405.00, 7
406.00, 7
407.00, 7
408.00, 7
409.00, 7
410.00, 7
411.00, 7
412.00, 7
413.00, 7
414.00, 7
415.00, 7
416.00, 7
417.00, 7
418.00, 7
419.00, 7
420.00, 7
421.00, 7
422.00, 7
423.00, 7
424.00, 7
425.00, 7
426.00, 7
427.00, 7
428.00, 7
429.00, 7
430.00, 7
431.00, 7
432.00, 7
433.00, 7
434.00, 7
435.00, 7
436.00, 7
437.00, 7
438.00, 7
439.00, 7
440.00, 7
441.00, 7
442.00, 7
443.00, 7
444.00, 7
445.00, 7
446.00, 7
447.00, 7
448.00, 7
449.00, 7
450.00, 7
451.00, 7
452.00, 7
453.00, 7
454.00, 7
455.00, 7
456.00, 7
457.00, 6
458.00, 6
459.00, 6
460.00, 6
461.00, 6
462.00, 6
463.00, 6
464.00, 6
465.00, 6
466.00, 6
467.00, 6
468.00, 6
469.00, 6
470.00, 6
471.00, 6
472.00, 6
473.00, 6
474.00, 6
475.00, 6
476.00, 6
477.00, 6
478.00, 6
479.00, 6
480.00, 6
481.00, 0
482.00, 0
483.00, 0
484.00, 0
485.00, 0
486.00, 0
487.00, 0
488.00, 0
489.00, 0
490.00, 0
491.00, 0
492.00, 0
493.00, 0
494.00, 0
495.00, 0
496.00, 0
497.00, 0
498.00, 0
499.00, 0
500.00, 0
501.00, 0
502.00, 0
503.00, 0
504.00, 0
505.00, 0
506.00, 0
507.00, 0
508.00, 0
509.00, 7
510.00, 4
511.00, 4
512.00, 4
513.00, 4
514.00, 4
515.00, 4
516.00, 4
517.00, 4
518.00, 4
519.00, 6
520.00, 6
521.00, 6
522.00, 6
523.00, 6
524.00, 6
525.00, 6
526.00, 6
527.00, 6
528.00, 6
529.00, 6
530.00, 6
531.00, 6
532.00, 6
533.00, 6
534.00, 6
535.00, 6
536.00, 6
537.00, 6
538.00, 6
539.00, 6
540.00, 6
541.00, 6
542.00, 6
543.00, 6
544.00, 6
545.00, 6
546.00, 6
547.00, 6
548.00, 6
549.00, 6
550.00, 6
551.00, 6
552.00, 4
553.00, 4
554.00, 4
555.00, 4
556.00, 4
557.00, 4
558.00, 4
559.00, 4
560.00, 4
561.00, 4
562.00, 4
563.00, 4
564.00, 4
565.00, 4
566.00, 4
567.00, 4
568.00, 4
569.00, 4
570.00, 4
571.00, 4
572.00, 4
573.00, 4
574.00, 4
575.00, 4
576.00, 4
577.00, 4
578.00, 4
579.00, 4
580.00, 4
581.00, 4
582.00, 4
583.00, 4
584.00, 4
585.00, 4
586.00, 4
587.00, 4
588.00, 4
589.00, 4
590.00, 4
591.00, 4
592.00, 4
593.00, 4
594.00, 4
595.00, 4
596.00, 4
597.00, 4
598.00, 4
599.00, 4
600.00, 4
601.00, 4
602.00, 4
603.00, 4
604.00, 4
605.00, 4
606.00, 4
607.00, 4
608.00, 4
609.00, 4
610.00, 4
611.00, 4
612.00, 4
613.00, 4
614.00, 4
615.00, 4
616.00, 4
617.00, 4
618.00, 4
619.00, 4
620.00, 4
621.00, 4
622.00, 4
623.00, 4
624.00, 4
625.00, 4
626.00, 3
627.00, 3
628.00, 3
629.00, 3
630.00, 3
631.00, 3
632.00, 3
633.00, 3
634.00, 3
635.00, 3
636.00, 3
637.00, 3
638.00, 3
639.00, 3
640.00, 3
641.00, 3
642.00, 3
643.00, 3
644.00, 3
645.00, 3
646.00, 3
647.00, 3
648.00, 3
649.00, 3
650.00, 3
651.00, 3
652.00, 3
653.00, 3
654.00, 3
655.00, 3
656.00, 3
657.00, 3
658.00, 3
659.00, 3
660.00, 3
661.00, 3
662.00, 3
663.00, 3
664.00, 3
665.00, 3
666.00, 3
667.00, 3
668.00, 3
669.00, 3
670.00, 3
671.00, 3
672.00, 3
673.00, 3
674.00, 3
675.00, 3
676.00, 3
677.00, 3
678.00, 3
679.00, 3
680.00, 3
681.00, 3
682.00, 8
683.00, 8
684.00, 8
685.00, 8
686.00, 8
687.00, 8
688.00, 8
689.00, 8
690.00, 8
691.00, 8
692.00, 8
693.00, 3
694.00, 3
695.00, 3
696.00, 3
697.00, 3
698.00, 3
699.00, 3
700.00, 3
701.00, 3
702.00, 3
703.00, 3
704.00, 3
705.00, 3
706.00, 3
707.00, 3
708.00, 3
709.00, 3
710.00, 3
711.00, 3
712.00, 3
713.00, 3
714.00, 3
715.00, 3
716.00, 3
717.00, 3
718.00, 3
719.00, 3
720.00, 3
721.00, 3
722.00, 3
723.00, 3
724.00, 3
725.00, 4
726.00, 4
727.00, 4
728.00, 4
729.00, 4
730.00, 4
731.00, 4
732.00, 4
733.00, 4
734.00, 3
735.00, 5
736.00, 5
737.00, 5
738.00, 5
739.00, 5
740.00, 5
741.00, 5
742.00, 5
743.00, 5
744.00, 5
745.00, 5
746.00, 5
747.00, 5
748.00, 5
749.00, 5
750.00, 5
751.00, 5
752.00, 5
753.00, 5
754.00, 5
755.00, 5
756.00, 5
757.00, 5
758.00, 5
759.00, 5
760.00, 5
761.00, 3
762.00, 3
763.00, 3
764.00, 3
765.00, 3
766.00, 3
767.00, 3
768.00, 3
769.00, 3
770.00, 3
771.00, 3
772.00, 3
773.00, 3
774.00, 3
775.00, 3
776.00, 3
777.00, 3
778.00, 3
779.00, 3
780.00, 3
781.00, 3
782.00, 3
783.00, 3
784.00, 3
785.00, 3
786.00, 3
787.00, 3
788.00, 3
789.00, 3
790.00, 3
791.00, 3
792.00, 3
793.00, 3
794.00, 3
795.00, 3
796.00, 3
797.00, 3
798.00, 3
799.00, 3
800.00, 3
801.00, 3
802.00, 4
803.00, 4
804.00, 4
805.00, 4
806.00, 4
807.00, 4
808.00, 4
809.00, 4
810.00, 4
811.00, 4
812.00, 4
813.00, 4
814.00, 4
815.00, 4
816.00, 4
817.00, 4
818.00, 4
819.00, 4
820.00, 4
821.00, 4
822.00, 4
823.00, 4
824.00, 4
825.00, 4
826.00, 4
827.00, 4
828.00, 4
829.00, 4
830.00, 4
831.00, 4
832.00, 4
833.00, 4
834.00, 4
835.00, 4
836.00, 4
837.00, 4
838.00, 4
839.00, 4
840.00, 4
841.00, 4
842.00, 4
843.00, 4
844.00, 4
845.00, 4
846.00, 4
847.00, 4
848.00, 6
849.00, 6
850.00, 6
851.00, 6
852.00, 6
853.00, 6
854.00, 6
855.00, 6
856.00, 6
857.00, 6
858.00, 6
859.00, 6
860.00, 6
861.00, 6
862.00, 6
863.00, 6
864.00, 6
865.00, 6
866.00, 6
867.00, 6
868.00, 6
869.00, 6
870.00, 6
871.00, 6
872.00, 6
873.00, 6
874.00, 7
875.00, 7
876.00, 7
877.00, 7
878.00, 7
879.00, 7
880.00, 7
881.00, 7
882.00, 7
883.00, 7
884.00, 6
885.00, 6
886.00, 6
887.00, 6
888.00, 6
889.00, 6
890.00, 6
891.00, 6
892.00, 6
893.00, 6
894.00, 6
895.00, 6
896.00, 6
897.00, 6
898.00, 6
899.00, 6
900.00, 6
901.00, 6
902.00, 6
903.00, 6
904.00, 6
905.00, 6
906.00, 6
907.00, 6
908.00, 6
909.00, 6
910.00, 6
911.00, 6
912.00, 6
913.00, 4
914.00, 4
915.00, 4
916.00, 4
917.00, 4
918.00, 4
919.00, 4
920.00, 4
921.00, 1
922.00, 1
923.00, 1
924.00, 1
925.00, 1
926.00, 1
927.00, 1
928.00, 1
929.00, 1
930.00, 7
931.00, 7
932.00, 7
933.00, 7
934.00, 7
935.00, 7
936.00, 7
937.00, 7
938.00, 7
939.00, 7
940.00, 7
941.00, 7
942.00, 7
943.00, 7
944.00, 7
945.00, 7
946.00, 7
947.00, 7
948.00, 7
949.00, 7
950.00, 7
951.00, 7
952.00, 7
953.00, 7
954.00, 7
955.00, 7
956.00, 7
957.00, 7
958.00, 7
959.00, 7
960.00, 7
961.00, 7
962.00, 7
963.00, 7
964.00, 7
965.00, 7
966.00, 7
967.00, 7
968.00, 7
969.00, 7
970.00, 7
971.00, 7
972.00, 7
973.00, 7
974.00, 7
975.00, 7
976.00, 7
977.00, 7
978.00, 7
979.00, 7
980.00, 7
981.00, 7
982.00, 7
983.00, 7
984.00, 7
985.00, 7
986.00, 7
987.00, 7
988.00, 7
989.00, 7
990.00, 7
991.00, 7
992.00, 7
993.00, 7
994.00, 7
995.00, 7
996.00, 7
997.00, 7
998.00, 7
999.00, 7