0.00, 6
1.00, 6
2.00, 6
3.00, 6
4.00, 0
5.00, 0
6.00, 0
7.00, 0
8.00, 0
9.00, 0
10.00, 0
11.00, 0
12.00, 0
13.00, 0
14.00, 0
15.00, 0
16.00, 0
17.00, 0
18.00, 0
19.00, 0
20.00, 0
21.00, 0
22.00, 0
23.00, 0
24.00, 0
25.00, 0
26.00, 0
27.00, 0
28.00, 0
29.00, 0
30.00, 0
31.00, 0
32.00, 0
33.00, 0
34.00, 0
35.00, 0
36.00, 0
37.00, 0
38.00, 0
39.00, 0
40.00, 0
41.00, 0
42.00, 0
43.00, 0
44.00, 0
45.00, 0
46.00, 0
47.00, 0
48.00, 0
49.00, 0
50.00, 0
51.00, 0
52.00, 0
53.00, 0
54.00, 0
55.00, 0
56.00, 0
57.00, 0
58.00, 0
59.00, 0
60.00, 0
61.00, 0
62.00, 0
63.00, 0
64.00, 0
65.00, 0
66.00, 0
67.00, 0
68.00, 0
69.00, 0
70.00, 0
71.00, 0
72.00, 0
73.00, 0
74.00, 0
75.00, 0
76.00, 0
77.00, 0
78.00, 0
79.00, 0
80.00, 0
81.00, 0
82.00, 0
83.00, 0
84.00, 0
85.00, 0
86.00, 0
87.00, 0
88.00, 0
89.00, 0
90.00, 0
91.00, 0
92.00, 0
93.00, 0
94.00, 0
95.00, 0
96.00, 0
97.00, 0
98.00, 0
99.00, 0
100.00, 0
101.00, 0
102.00, 0
103.00, 0
104.00, 0
105.00, 0
106.00, 0
107.00, 0
108.00, 6
109.00, 6
110.00, 6
111.00, 6
112.00, 6
113.00, 6
114.00, 6
115.00, 6
116.00, 6
117.00, 6
118.00, 6
119.00, 6
120.00, 6
121.00, 6
122.00, 6
123.00, 6
124.00, 6
125.00, 6
126.00, 6
127.00, 6
128.00, 6
129.00, 6
130.00, 6
131.00, 6
132.00, 6
133.00, 6
134.00, 6
135.00, 6
136.00, 6
137.00, 6
138.00, 6
139.00, 6
140.00, 6
141.00, 6
142.00, 7
143.00, 7
144.00, 7
145.00, 7
146.00, 7
147.00, 7
148.00, 7
149.00, 7
150.00, 7
151.00, 7
152.00, 7
153.00, 7
154.00, 7
155.00, 7
156.00, 7
157.00, 7
158.00, 7
159.00, 7
160.00, 7
161.00, 7
162.00, 7
163.00, 7
164.00, 7
165.00, 7
166.00, 7
167.00, 7
168.00, 7
169.00, 7
170.00, 7
171.00, 7
172.00, 7
173.00, 1
174.00, 1
175.00, 1
176.00, 1
177.00, 1
178.00, 1
179.00, 1
180.00, 1
181.00, 1
182.00, 1
183.00, 1
184.00, 1
185.00, 1
186.00, 1
187.00, 1
188.00, 1
189.00, 1
190.00, 1
191.00, 1
192.00, 1
193.00, 1
194.00, 1
195.00, 1
196.00, 1
197.00, 1
198.00, 1
199.00, 1
200.00, 1
201.00, 1
202.00, 1
203.00, 1
204.00, 1
205.00, 1
206.00, 1
207.00, 1
208.00, 1
209.00, 1
210.00, 1
211.00, 1
212.00, 1
213.00, 1
214.00, 1
215.00, 1
216.00, 1
217.00, 1
218.00, 1
219.00, 1
220.00, 1
221.00, 1
222.00, 1
223.00, 1
224.00, 1
225.00, 1
226.00, 1
227.00, 1
228.00, 1
229.00, 1
230.00, 1
231.00, 1
232.00, 1
233.00, 1
234.00, 1
235.00, 1
236.00, 1
237.00, 1
238.00, 1
239.00, 1
240.00, 1
241.00, 1
242.00, 1
243.00, 8
244.00, 8
245.00, 8
246.00, 8
247.00, 8
248.00, 8
249.00, 8
250.00, 8
251.00, 8
252.00, 8
253.00, 8
254.00, 8
255.00, 8
256.00, 8
257.00, 8
258.00, 8
259.00, 8
260.00, 8
261.00, 8
262.00, 8
263.00, 8
264.00, 8
265.00, 8
266.00, 8
267.00, 8
268.00, 8
269.00, 8
270.00, 8
271.00, 8
272.00, 8
273.00, 8
274.00, 8
275.00, 8
276.00, 8
277.00, 8
278.00, 8
279.00, 8
280.00, 8
281.00, 8
282.00, 8
283.00, 8
284.00, 8
285.00, 8
286.00, 8
287.00, 8
288.00, 8
289.00, 8
290.00, 8
291.00, 8
292.00, 8
293.00, 8
294.00, 8
295.00, 8
296.00, 8
297.00, 8
298.00, 8
299.00, 8
300.00, 8
301.00, 8
302.00, 8
303.00, 8
304.00, 8
305.00, 8
306.00, 8
307.00, 8
308.00, 8
309.00, 8
310.00, 8
311.00, 8
312.00, 8
313.00, 8
314.00, 8
315.00, 8
316.00, 8
317.00, 8
318.00, 8
319.00, 8
320.00, 8
321.00, 8
322.00, 8
323.00, 8
324.00, 8
325.00, 8
326.00, 8
327.00, 8
328.00, 8
329.00, 8
330.00, 8
331.00, 8
332.00, 8
333.00, 8
334.00, 8
335.00, 8
336.00, 8
337.00, 8
338.00, 8
339.00, 8
340.00, 8
341.00, 8
342.00, 8
343.00, 8
344.00, 8
345.00, 8
346.00, 8
347.00, 8
348.00, 8
349.00, 8
350.00, 8
351.00, 8
352.00, 8
353.00, 8
354.00, 8
355.00, 8
356.00, 8
357.00, 8
358.00, 8
359.00, 8
360.00, 8
361.00, 8
362.00, 8
363.00, 8
364.00, 8
365.00, 8
366.00, 8
367.00, 8
368.00, 8
369.00, 8
370.00, 8
371.00, 8
372.00, 8
373.00, 8
374.00, 8
375.00, 8
376.00, 8
377.00, 8
378.00, 8
379.00, 8
380.00, 8
381.00, 8
382.00, 8
383.00, 8
384.00, 8
385.00, 8
386.00, 8
387.00, 8
388.00, 8
389.00, 8
390.00, 8
391.00, 8
392.00, 8
393.00, 8
394.00, 8
395.00, 8
396.00, 8
397.00, 8
398.00, 8
399.00, 8
400.00, 8
401.00, 8
402.00, 8
403.00, 8
404.00, 8
405.00, 8
406.00, 8
407.00, 4
408.00, 4
409.00, 4
410.00, 4
411.00, 4
412.00, 4
413.00, 4
414.00, 4
415.00, 4
416.00, 4
417.00, 1
418.00, 1
419.00, 1
420.00, 1
421.00, 1
422.00, 1
423.00, 1
424.00, 1
425.00, 1
426.00, 1
427.00, 1
428.00, 1
429.00, 1
430.00, 1
431.00, 1
432.00, 1
433.00, 1
434.00, 1
435.00, 8
436.00, 8
437.00, 8
438.00, 8
439.00, 8
440.00, 8
441.00, 8
442.00, 8
443.00, 8
444.00, 8
445.00, 8
446.00, 8
447.00, 8
448.00, 8
449.00, 8
450.00, 8
451.00, 8
452.00, 8
453.00, 8
454.00, 8
455.00, 8
456.00, 3
457.00, 3
458.00, 3
459.00, 3
460.00, 3
461.00, 3
462.00, 3
463.00, 3
464.00, 3
465.00, 3
466.00, 3
467.00, 3
468.00, 3
469.00, 3
470.00, 3
471.00, 3
472.00, 3
473.00, 3
474.00, 3
475.00, 4
476.00, 4
477.00, 4
478.00, 4
479.00, 4
480.00, 4
481.00, 4
482.00, 4
483.00, 4
484.00, 4
485.00, 8
486.00, 8
487.00, 8
488.00, 8
489.00, 8
490.00, 8
491.00, 8
492.00, 8
493.00, 8
494.00, 8
495.00, 8
496.00, 8
497.00, 8
498.00, 8
499.00, 8
500.00, 8
501.00, 8
502.00, 8
503.00, 8
504.00, 8
505.00, 3
506.00, 3
507.00, 3
508.00, 3
509.00, 3
510.00, 3
511.00, 3
512.00, 3
513.00, 3
514.00, 3
515.00, 3
516.00, 3
517.00, 3
518.00, 3
519.00, 3
520.00, 3
521.00, 3
522.00, 3
523.00, 3
524.00, 3
525.00, 3
526.00, 3
527.00, 3
528.00, 3
529.00, 3
530.00, 3
531.00, 3
532.00, 3
533.00, 3
534.00, 4
535.00, 4
536.00, 4
537.00, 4
538.00, 4
539.00, 4
540.00, 4
541.00, 4
542.00, 4
543.00, 4
544.00, 4
545.00, 4
546.00, 4
547.00, 4
548.00, 4
549.00, 4
550.00, 4
551.00, 4
552.00, 4
553.00, 4
554.00, 4
555.00, 4
556.00, 4
557.00, 4
558.00, 4
559.00, 4
560.00, 4
561.00, 4
562.00, 4
563.00, 4
564.00, 4
565.00, 4
566.00, 4
567.00, 4
568.00, 4
569.00, 4
570.00, 6
571.00, 6
572.00, 6
573.00, 6
574.00, 6
575.00, 6
576.00, 6
577.00, 6
578.00, 6
579.00, 6
580.00, 6
581.00, 6
582.00, 6
583.00, 6
584.00, 6
585.00, 6
586.00, 0
587.00, 0
588.00, 0
589.00, 0
590.00, 0
591.00, 0
592.00, 0
593.00, 0
594.00, 0
595.00, 2
596.00, 2
597.00, 2
598.00, 2
599.00, 2
600.00, 2
601.00, 2
602.00, 2
603.00, 2
604.00, 2
605.00, 2
606.00, 2
607.00, 2
608.00, 2
609.00, 2
610.00, 2
611.00, 2
612.00, 2
613.00, 2
614.00, 2
615.00, 2
616.00, 2
617.00, 2
618.00, 2
619.00, 2
620.00, 2
621.00, 2
622.00, 2
623.00, 2
624.00, 2
625.00, 2
626.00, 2
627.00, 2
628.00, 2
629.00, 2
630.00, 2
631.00, 2
632.00, 2
633.00, 2
634.00, 2
635.00, 2
636.00, 2
637.00, 2
638.00, 2
639.00, 2
640.00, 2
641.00, 2
642.00, 2
643.00, 2
644.00, 2
645.00, 2
646.00, 2
647.00, 2
648.00, 2
649.00, 2
650.00, 2
651.00, 2
652.00, 2
653.00, 2
654.00, 2
655.00, 2
656.00, 2
657.00, 4
658.00, 4
659.00, 4
660.00, 4
661.00, 4
662.00, 4
663.00, 4
664.00, 4
665.00, 4
666.00, 4
667.00, 2
668.00, 2
669.00, 2
670.00, 2
671.00, 2
672.00, 2
673.00, 2
674.00, 2
675.00, 2
676.00, 2
677.00, 2
678.00, 2
679.00, 2
680.00, 2
681.00, 2
682.00, 2
683.00, 2
684.00, 2
685.00, 2
686.00, 2
687.00, 2
688.00, 2
689.00, 2
690.00, 2
691.00, 2
692.00, 2
693.00, 2
694.00, 2
695.00, 2
696.00, 2
697.00, 2
698.00, 2
699.00, 2
700.00, 2
701.00, 2
702.00, 2
703.00, 2
704.00, 2
705.00, 5
706.00, 5
707.00, 5
708.00, 5
709.00, 5
710.00, 5
711.00, 5
712.00, 5
713.00, 5
714.00, 5
715.00, 5
716.00, 5
717.00, 5
718.00, 5
719.00, 5
720.00, 5
721.00, 5
722.00, 5
723.00, 5
724.00, 5
725.00, 5
726.00, 5
727.00, 5
728.00, 5
729.00, 5
730.00, 5
731.00, 5
732.00, 5
733.00, 5
734.00, 5
735.00, 5
736.00, 5
737.00, 5
738.00, 5
739.00, 3
740.00, 3
741.00, 3
742.00, 3
743.00, 3
744.00, 3
745.00, 3
746.00, 3
747.00, 3
748.00, 3
749.00, 3
750.00, 3
751.00, 3
752.00, 3
753.00, 3
754.00, 3
755.00, 3
756.00, 3
757.00, 3
758.00, 4
759.00, 4
760.00, 4
761.00, 4
762.00, 4
763.00, 4
764.00, 4
765.00, 4
766.00, 4
767.00, 4
768.00, 4
769.00, 4
770.00, 4
771.00, 4
772.00, 4
773.00, 4
774.00, 4
775.00, 4
776.00, 4
777.00, 4
778.00, 2
779.00, 2
780.00, 2
781.00, 2
782.00, 2
783.00, 2
784.00, 2
785.00, 2
786.00, 2
787.00, 2
788.00, 5
789.00, 5
790.00, 5
791.00, 5
792.00, 5
793.00, 5
794.00, 5
795.00, 5
796.00, 5
797.00, 5
798.00, 5
799.00, 5
800.00, 5
801.00, 5
802.00, 5
803.00, 5
804.00, 5
805.00, 5
806.00, 5
807.00, 5
808.00, 5
809.00, 5
810.00, 5
811.00, 5
812.00, 5
813.00, 5
814.00, 5
815.00, 5
816.00, 5
817.00, 5
818.00, 5
819.00, 5
820.00, 5
821.00, 5
822.00, 5
823.00, 5
824.00, 5
825.00, 5
826.00, 5
827.00, 5
828.00, 5
829.00, 5
830.00, 5
831.00, 5
832.00, 5
833.00, 5
834.00, 5
835.00, 5
836.00, 5
837.00, 5
838.00, 5
839.00, 5
840.00, 5
841.00, 5
842.00, 5
843.00, 5
844.00, 5
845.00, 5
846.00, 5
847.00, 5
848.00, 5
849.00, 5
850.00, 5
851.00, 5
852.00, 5
853.00, 5
854.00, 5
855.00, 5
856.00, 5
857.00, 5
858.00, 5
859.00, 5
860.00, 5
861.00, 5
862.00, 5
863.00, 5
864.00, 5
865.00, 5
866.00, 5
867.00, 5
868.00, 5
869.00, 5
870.00, 5
871.00, 5
872.00, 5
873.00, 5
874.00, 5
875.00, 5
876.00, 5
877.00, 5
878.00, 5
879.00, 5
880.00, 5
881.00, 5
882.00, 5
883.00, 5
884.00, 5
885.00, 5
886.00, 5
887.00, 5
888.00, 5
889.00, 5
890.00, 5
891.00, 5
892.00, 5
893.00, 5
894.00, 5
895.00, 5
896.00, 5
897.00, 5
898.00, 5
899.00, 5
900.00, 5
901.00, 5
902.00, 5
903.00, 5
904.00, 5
905.00, 5
906.00, 5
907.00, 5
908.00, 5
909.00, 5
910.00, 5
911.00, 5
912.00, 5
913.00, 5
914.00, 5
915.00, 5
916.00, 5
917.00, 5
918.00, 5
919.00, 5
920.00, 5
921.00, 5
922.00, 5
923.00, 5
924.00, 5
925.00, 5
926.00, 5
927.00, 5
928.00, 5
929.00, 5
930.00, 5
931.00, 3
932.00, 3
933.00, 3
934.00, 3
935.00, 3
936.00, 3
937.00, 3
938.00, 3
939.00, 3
940.00, 3
941.00, 3
942.00, 3
943.00, 3
944.00, 3
945.00, 3
946.00, 3
947.00, 3
948.00, 3
949.00, 3
950.00, 3
951.00, 3
952.00, 3
953.00, 3
954.00, 3
955.00, 3
956.00, 3
957.00, 3
958.00, 3
959.00, 3
960.00, 3
961.00, 3
962.00, 3
963.00, 3
964.00, 3
965.00, 3
966.00, 3
967.00, 3
968.00, 3
969.00, 3
970.00, 3
971.00, 3
972.00, 3
973.00, 3
974.00, 3
975.00, 3
976.00, 3
977.00, 3
978.00, 3
979.00, 3
980.00, 3
981.00, 3
982.00, 3
983.00, 3
984.00, 3
985.00, 3
986.00, 3
987.00, 3
988.00, 3
989.00, 5
990.00, 5
991.00, 5
992.00, 5
993.00, 5
994.00, 5
995.00, 5
996.00, 5
997.00, 5
998.00, 5
999.00, 5