0.00, 4
1.00, 4
2.00, 4
3.00, 4
4.00, 4
5.00, 4
6.00, 4
7.00, 4
8.00, 4
9.00, 4
10.00, 4
11.00, 4
12.00, 4
13.00, 4
14.00, 4
15.00, 4
16.00, 4
17.00, 4
18.00, 4
19.00, 4
20.00, 4
21.00, 4
22.00, 4
23.00, 4
24.00, 4
25.00, 4
26.00, 4
27.00, 1
28.00, 1
29.00, 1
30.00, 1
31.00, 1
32.00, 1
33.00, 1
34.00, 1
35.00, 1
36.00, 1
37.00, 1
38.00, 1
39.00, 1
40.00, 1
41.00, 1
42.00, 1
43.00, 1
44.00, 1
45.00, 1
46.00, 1
47.00, 1
48.00, 1
49.00, 1
50.00, 1
51.00, 1
52.00, 1
53.00, 8
54.00, 8
55.00, 8
56.00, 8
57.00, 8
58.00, 8
59.00, 8
60.00, 8
61.00, 8
62.00, 8
63.00, 8
64.00, 8
65.00, 8
66.00, 8
67.00, 8
68.00, 8
69.00, 8
70.00, 8
71.00, 8
72.00, 8
73.00, 8
74.00, 8
75.00, 8
76.00, 8
77.00, 8
78.00, 8
79.00, 8
80.00, 8
81.00, 8
82.00, 8
83.00, 8
84.00, 8
85.00, 8
86.00, 8
87.00, 8
88.00, 8
89.00, 8
90.00, 8
91.00, 8
92.00, 8
93.00, 8
94.00, 8
95.00, 8
96.00, 8
97.00, 8
98.00, 8
99.00, 8
100.00, 8
101.00, 4
102.00, 4
103.00, 4
104.00, 4
105.00, 4
106.00, 4
107.00, 4
108.00, 4
109.00, 4
110.00, 4
111.00, 4
112.00, 4
113.00, 4
114.00, 4
115.00, 4
116.00, 4
117.00, 4
118.00, 4
119.00, 8
120.00, 8
121.00, 8
122.00, 8
123.00, 8
124.00, 8
125.00, 8
126.00, 8
127.00, 8
128.00, 8
129.00, 8
130.00, 8
131.00, 8
132.00, 8
133.00, 8
134.00, 8
135.00, 8
136.00, 8
137.00, 8
138.00, 8
139.00, 8
140.00, 8
141.00, 8
142.00, 8
143.00, 8
144.00, 8
145.00, 8
146.00, 8
147.00, 1
148.00, 1
149.00, 1
150.00, 1
151.00, 1
152.00, 1
153.00, 1
154.00, 1
155.00, 1
156.00, 1
157.00, 1
158.00, 1
159.00, 1
160.00, 1
161.00, 1
162.00, 1
163.00, 1
164.00, 1
165.00, 1
166.00, 1
167.00, 1
168.00, 1
169.00, 1
170.00, 1
171.00, 1
172.00, 1
173.00, 1
174.00, 1
175.00, 1
176.00, 1
177.00, 1
178.00, 1
179.00, 1
180.00, 1
181.00, 1
182.00, 7
183.00, 7
184.00, 7
185.00, 7
186.00, 7
187.00, 7
188.00, 7
189.00, 7
190.00, 7
191.00, 7
192.00, 7
193.00, 7
194.00, 7
195.00, 7
196.00, 7
197.00, 7
198.00, 7
199.00, 7
200.00, 7
201.00, 7
202.00, 7
203.00, 7
204.00, 7
205.00, 7
206.00, 7
207.00, 7
208.00, 7
209.00, 7
210.00, 7
211.00, 7
212.00, 7
213.00, 7
214.00, 7
215.00, 1
216.00, 1
217.00, 1
218.00, 1
219.00, 1
220.00, 1
221.00, 1
222.00, 1
223.00, 1
224.00, 1
225.00, 1
226.00, 1
227.00, 1
228.00, 1
229.00, 1
230.00, 1
231.00, 1
232.00, 1
233.00, 1
234.00, 1
235.00, 1
236.00, 1
237.00, 1
238.00, 1
239.00, 1
240.00, 1
241.00, 1
242.00, 1
243.00, 1
244.00, 1
245.00, 1
246.00, 1
247.00, 1
248.00, 1
249.00, 1
250.00, 1
251.00, 1
252.00, 1
253.00, 1
254.00, 1
255.00, 1
256.00, 1
257.00, 1
258.00, 1
259.00, 1
260.00, 1
261.00, 1
262.00, 1
263.00, 1
264.00, 1
265.00, 1
266.00, 1
267.00, 1
268.00, 1
269.00, 1
270.00, 1
271.00, 1
272.00, 1
273.00, 1
274.00, 1
275.00, 1
276.00, 1
277.00, 8
278.00, 8
279.00, 8
280.00, 8
281.00, 8
282.00, 8
283.00, 8
284.00, 8
285.00, 8
286.00, 8
287.00, 8
288.00, 8
289.00, 8
290.00, 8
291.00, 8
292.00, 8
293.00, 8
294.00, 8
295.00, 8
296.00, 8
297.00, 8
298.00, 8
299.00, 8
300.00, 8
301.00, 8
302.00, 8
303.00, 8
304.00, 8
305.00, 8
306.00, 8
307.00, 8
308.00, 8
309.00, 8
310.00, 8
311.00, 8
312.00, 8
313.00, 8
314.00, 8
315.00, 8
316.00, 8
317.00, 8
318.00, 8
319.00, 8
320.00, 8
321.00, 8
322.00, 8
323.00, 8
324.00, 8
325.00, 8
326.00, 8
327.00, 8
328.00, 8
329.00, 8
330.00, 8
331.00, 8
332.00, 8
333.00, 8
334.00, 8
335.00, 8
336.00, 8
337.00, 3
338.00, 3
339.00, 3
340.00, 3
341.00, 3
342.00, 3
343.00, 3
344.00, 3
345.00, 3
346.00, 3
347.00, 3
348.00, 3
349.00, 3
350.00, 3
351.00, 3
352.00, 3
353.00, 3
354.00, 3
355.00, 3
356.00, 3
357.00, 3
358.00, 3
359.00, 3
360.00, 5
361.00, 5
362.00, 5
363.00, 5
364.00, 5
365.00, 5
366.00, 5
367.00, 5
368.00, 5
369.00, 5
370.00, 5
371.00, 5
372.00, 5
373.00, 5
374.00, 5
375.00, 5
376.00, 5
377.00, 5
378.00, 5
379.00, 5
380.00, 5
381.00, 5
382.00, 5
383.00, 5
384.00, 5
385.00, 5
386.00, 5
387.00, 5
388.00, 5
389.00, 5
390.00, 5
391.00, 5
392.00, 5
393.00, 5
394.00, 5
395.00, 5
396.00, 5
397.00, 5
398.00, 5
399.00, 5
400.00, 5
401.00, 5
402.00, 5
403.00, 5
404.00, 5
405.00, 5
406.00, 5
407.00, 5
408.00, 5
409.00, 5
410.00, 5
411.00, 5
412.00, 5
413.00, 5
414.00, 5
415.00, 5
416.00, 5
417.00, 5
418.00, 5
419.00, 5
420.00, 5
421.00, 5
422.00, 5
423.00, 5
424.00, 5
425.00, 5
426.00, 5
427.00, 5
428.00, 5
429.00, 5
430.00, 5
431.00, 5
432.00, 5
433.00, 5
434.00, 5
435.00, 5
436.00, 5
437.00, 5
438.00, 5
439.00, 5
440.00, 5
441.00, 5
442.00, 5
443.00, 5
444.00, 5
445.00, 2
446.00, 2
447.00, 2
448.00, 2
449.00, 2
450.00, 2
451.00, 2
452.00, 2
453.00, 2
454.00, 2
455.00, 2
456.00, 2
457.00, 2
458.00, 2
459.00, 2
460.00, 2
461.00, 2
462.00, 2
463.00, 2
464.00, 2
465.00, 2
466.00, 2
467.00, 2
468.00, 2
469.00, 2
470.00, 2
471.00, 2
472.00, 2
473.00, 2
474.00, 2
475.00, 2
476.00, 2
477.00, 2
478.00, 2
479.00, 2
480.00, 2
481.00, 2
482.00, 2
483.00, 2
484.00, 2
485.00, 2
486.00, 2
487.00, 2
488.00, 2
489.00, 2
490.00, 2
491.00, 2
492.00, 2
493.00, 2
494.00, 2
495.00, 2
496.00, 2
497.00, 2
498.00, 2
499.00, 2
500.00, 2
501.00, 2
502.00, 2
503.00, 2
504.00, 2
505.00, 2
506.00, 2
507.00, 2
508.00, 2
509.00, 2
510.00, 2
511.00, 2
512.00, 2
513.00, 2
514.00, 2
515.00, 2
516.00, 2
517.00, 4
518.00, 4
519.00, 4
520.00, 4
521.00, 4
522.00, 4
523.00, 4
524.00, 4
525.00, 4
526.00, 4
527.00, 4
528.00, 4
529.00, 4
530.00, 4
531.00, 4
532.00, 4
533.00, 4
534.00, 4
535.00, 4
536.00, 4
537.00, 4
538.00, 4
539.00, 4
540.00, 4
541.00, 4
542.00, 4
543.00, 4
544.00, 4
545.00, 4
546.00, 4
547.00, 4
548.00, 4
549.00, 4
550.00, 4
551.00, 4
552.00, 4
553.00, 4
554.00, 4
555.00, 4
556.00, 4
557.00, 4
558.00, 4
559.00, 4
560.00, 4
561.00, 4
562.00, 4
563.00, 4
564.00, 4
565.00, 4
566.00, 4
567.00, 4
568.00, 4
569.00, 4
570.00, 4
571.00, 4
572.00, 4
573.00, 4
574.00, 4
575.00, 4
576.00, 4
577.00, 4
578.00, 4
579.00, 4
580.00, 4
581.00, 4
582.00, 4
583.00, 4
584.00, 3
585.00, 5
586.00, 5
587.00, 5
588.00, 5
589.00, 5
590.00, 5
591.00, 5
592.00, 5
593.00, 5
594.00, 5
595.00, 5
596.00, 5
597.00, 5
598.00, 5
599.00, 5
600.00, 5
601.00, 5
602.00, 5
603.00, 5
604.00, 5
605.00, 5
606.00, 5
607.00, 5
608.00, 5
609.00, 5
610.00, 5
611.00, 5
612.00, 5
613.00, 5
614.00, 5
615.00, 5
616.00, 5
617.00, 5
618.00, 5
619.00, 5
620.00, 5
621.00, 5
622.00, 5
623.00, 5
624.00, 5
625.00, 5
626.00, 5
627.00, 5
628.00, 5
629.00, 5
630.00, 5
631.00, 5
632.00, 3
633.00, 3
634.00, 3
635.00, 3
636.00, 3
637.00, 3
638.00, 3
639.00, 3
640.00, 3
641.00, 3
642.00, 3
643.00, 3
644.00, 3
645.00, 3
646.00, 3
647.00, 3
648.00, 3
649.00, 3
650.00, 3
651.00, 3
652.00, 3
653.00, 3
654.00, 3
655.00, 3
656.00, 3
657.00, 3
658.00, 3
659.00, 3
660.00, 3
661.00, 3
662.00, 3
663.00, 3
664.00, 3
665.00, 3
666.00, 3
667.00, 3
668.00, 3
669.00, 3
670.00, 3
671.00, 3
672.00, 3
673.00, 3
674.00, 3
675.00, 3
676.00, 3
677.00, 3
678.00, 3
679.00, 3
680.00, 3
681.00, 3
682.00, 3
683.00, 3
684.00, 3
685.00, 3
686.00, 3
687.00, 3
688.00, 3
689.00, 3
690.00, 3
691.00, 3
692.00, 3
693.00, 3
694.00, 3
695.00, 3
696.00, 3
697.00, 3
698.00, 3
699.00, 3
700.00, 3
701.00, 3
702.00, 3
703.00, 3
704.00, 3
705.00, 3
706.00, 3
707.00, 3
708.00, 3
709.00, 3
710.00, 3
711.00, 3
712.00, 3
713.00, 3
714.00, 3
715.00, 3
716.00, 3
717.00, 3
718.00, 3
719.00, 3
720.00, 3
721.00, 3
722.00, 3
723.00, 3
724.00, 5
725.00, 5
726.00, 5
727.00, 5
728.00, 5
729.00, 5
730.00, 5
731.00, 5
732.00, 5
733.00, 5
734.00, 5
735.00, 5
736.00, 5
737.00, 5
738.00, 5
739.00, 5
740.00, 5
741.00, 5
742.00, 5
743.00, 5
744.00, 5
745.00, 5
746.00, 5
747.00, 5
748.00, 5
749.00, 5
750.00, 5
751.00, 2
752.00, 2
753.00, 2
754.00, 2
755.00, 2
756.00, 2
757.00, 2
758.00, 2
759.00, 2
760.00, 2
761.00, 2
762.00, 2
763.00, 2
764.00, 2
765.00, 2
766.00, 2
767.00, 2
768.00, 2
769.00, 2
770.00, 2
771.00, 2
772.00, 2
773.00, 2
774.00, 2
775.00, 2
776.00, 2
777.00, 2
778.00, 2
779.00, 2
780.00, 2
781.00, 2
782.00, 2
783.00, 2
784.00, 2
785.00, 2
786.00, 2
787.00, 2
788.00, 2
789.00, 2
790.00, 2
791.00, 2
792.00, 2
793.00, 2
794.00, 2
795.00, 2
796.00, 2
797.00, 2
798.00, 2
799.00, 2
800.00, 2
801.00, 2
802.00, 2
803.00, 2
804.00, 2
805.00, 2
806.00, 2
807.00, 2
808.00, 2
809.00, 5
810.00, 5
811.00, 5
812.00, 5
813.00, 5
814.00, 5
815.00, 5
816.00, 5
817.00, 5
818.00, 5
819.00, 5
820.00, 5
821.00, 5
822.00, 5
823.00, 5
824.00, 5
825.00, 5
826.00, 5
827.00, 5
828.00, 5
829.00, 5
830.00, 5
831.00, 5
832.00, 5
833.00, 5
834.00, 5
835.00, 5
836.00, 5
837.00, 5
838.00, 5
839.00, 5
840.00, 5
841.00, 5
842.00, 5
843.00, 5
844.00, 5
845.00, 5
846.00, 5
847.00, 5
848.00, 5
849.00, 5
850.00, 5
851.00, 5
852.00, 5
853.00, 5
854.00, 5
855.00, 5
856.00, 5
857.00, 5
858.00, 5
859.00, 5
860.00, 5
861.00, 5
862.00, 5
863.00, 5
864.00, 5
865.00, 5
866.00, 5
867.00, 5
868.00, 5
869.00, 5
870.00, 5
871.00, 5
872.00, 5
873.00, 5
874.00, 5
875.00, 5
876.00, 5
877.00, 5
878.00, 5
879.00, 5
880.00, 5
881.00, 5
882.00, 5
883.00, 5
884.00, 5
885.00, 5
886.00, 5
887.00, 5
888.00, 5
889.00, 5
890.00, 5
891.00, 5
892.00, 5
893.00, 5
894.00, 5
895.00, 5
896.00, 5
897.00, 5
898.00, 5
899.00, 5
900.00, 5
901.00, 5
902.00, 5
903.00, 5
904.00, 5
905.00, 5
906.00, 5
907.00, 5
908.00, 5
909.00, 5
910.00, 5
911.00, 5
912.00, 5
913.00, 5
914.00, 5
915.00, 5
916.00, 5
917.00, 5
918.00, 5
919.00, 5
920.00, 5
921.00, 5
922.00, 5
923.00, 5
924.00, 5
925.00, 5
926.00, 5
927.00, 5
928.00, 5
929.00, 5
930.00, 5
931.00, 5
932.00, 5
933.00, 5
934.00, 5
935.00, 5
936.00, 5
937.00, 5
938.00, 5
939.00, 5
940.00, 5
941.00, 5
942.00, 5
943.00, 5
944.00, 5
945.00, 5
946.00, 5
947.00, 5
948.00, 5
949.00, 5
950.00, 5
951.00, 5
952.00, 5
953.00, 5
954.00, 5
955.00, 5
956.00, 5
957.00, 5
958.00, 5
959.00, 5
960.00, 5
961.00, 5
962.00, 5
963.00, 5
964.00, 5
965.00, 5
966.00, 5
967.00, 5
968.00, 5
969.00, 5
970.00, 5
971.00, 5
972.00, 5
973.00, 5
974.00, 5
975.00, 5
976.00, 5
977.00, 5
978.00, 5
979.00, 5
980.00, 5
981.00, 5
982.00, 5
983.00, 5
984.00, 5
985.00, 5
986.00, 3
987.00, 3
988.00, 3
989.00, 3
990.00, 3
991.00, 3
992.00, 3
993.00, 3
994.00, 3
995.00, 3
996.00, 3
997.00, 3
998.00, 3
999.00, 3