0.00, 6
1.00, 6
2.00, 6
3.00, 6
4.00, 6
5.00, 6
6.00, 0
7.00, 0
8.00, 0
9.00, 0
10.00, 0
11.00, 0
12.00, 0
13.00, 0
14.00, 0
15.00, 0
16.00, 0
17.00, 0
18.00, 0
19.00, 0
20.00, 0
21.00, 0
22.00, 0
23.00, 0
24.00, 0
25.00, 0
26.00, 0
27.00, 0
28.00, 0
29.00, 0
30.00, 0
31.00, 0
32.00, 0
33.00, 0
34.00, 0
35.00, 0
36.00, 0
37.00, 0
38.00, 0
39.00, 0
40.00, 0
41.00, 0
42.00, 0
43.00, 0
44.00, 0
45.00, 0
46.00, 0
47.00, 0
48.00, 0
49.00, 0
50.00, 0
51.00, 0
52.00, 0
53.00, 0
54.00, 0
55.00, 0
56.00, 0
57.00, 0
58.00, 0
59.00, 0
60.00, 0
61.00, 0
62.00, 0
63.00, 0
64.00, 2
65.00, 2
66.00, 2
67.00, 2
68.00, 2
69.00, 2
70.00, 2
71.00, 2
72.00, 2
73.00, 2
74.00, 2
75.00, 2
76.00, 2
77.00, 2
78.00, 2
79.00, 2
80.00, 2
81.00, 2
82.00, 2
83.00, 2
84.00, 2
85.00, 2
86.00, 2
87.00, 2
88.00, 2
89.00, 2
90.00, 2
91.00, 2
92.00, 2
93.00, 2
94.00, 2
95.00, 2
96.00, 2
97.00, 2
98.00, 2
99.00, 2
100.00, 2
101.00, 2
102.00, 2
103.00, 2
104.00, 2
105.00, 2
106.00, 2
107.00, 2
108.00, 2
109.00, 2
110.00, 2
111.00, 2
112.00, 2
113.00, 2
114.00, 2
115.00, 2
116.00, 2
117.00, 2
118.00, 2
119.00, 2
120.00, 2
121.00, 2
122.00, 2
123.00, 2
124.00, 2
125.00, 2
126.00, 2
127.00, 2
128.00, 2
129.00, 2
130.00, 2
131.00, 2
132.00, 2
133.00, 2
134.00, 2
135.00, 2
136.00, 2
137.00, 2
138.00, 2
139.00, 2
140.00, 2
141.00, 2
142.00, 2
143.00, 5
144.00, 5
145.00, 5
146.00, 5
147.00, 5
148.00, 5
149.00, 5
150.00, 5
151.00, 5
152.00, 5
153.00, 5
154.00, 5
155.00, 5
156.00, 5
157.00, 5
158.00, 5
159.00, 5
160.00, 5
161.00, 5
162.00, 5
163.00, 5
164.00, 5
165.00, 5
166.00, 5
167.00, 5
168.00, 5
169.00, 5
170.00, 5
171.00, 5
172.00, 5
173.00, 5
174.00, 5
175.00, 5
176.00, 5
177.00, 5
178.00, 5
179.00, 5
180.00, 5
181.00, 5
182.00, 5
183.00, 5
184.00, 5
185.00, 5
186.00, 5
187.00, 5
188.00, 5
189.00, 5
190.00, 5
191.00, 5
192.00, 5
193.00, 5
194.00, 5
195.00, 5
196.00, 5
197.00, 5
198.00, 5
199.00, 5
200.00, 5
201.00, 5
202.00, 5
203.00, 5
204.00, 5
205.00, 5
206.00, 5
207.00, 5
208.00, 5
209.00, 5
210.00, 5
211.00, 5
212.00, 5
213.00, 5
214.00, 5
215.00, 5
216.00, 5
217.00, 5
218.00, 5
219.00, 5
220.00, 5
221.00, 5
222.00, 5
223.00, 5
224.00, 5
225.00, 5
226.00, 5
227.00, 5
228.00, 5
229.00, 5
230.00, 5
231.00, 5
232.00, 5
233.00, 5
234.00, 5
235.00, 5
236.00, 5
237.00, 5
238.00, 5
239.00, 5
240.00, 5
241.00, 5
242.00, 5
243.00, 5
244.00, 5
245.00, 5
246.00, 5
247.00, 5
248.00, 5
249.00, 5
250.00, 5
251.00, 3
252.00, 3
253.00, 3
254.00, 3
255.00, 3
256.00, 3
257.00, 3
258.00, 3
259.00, 3
260.00, 3
261.00, 3
262.00, 3
263.00, 3
264.00, 3
265.00, 3
266.00, 3
267.00, 3
268.00, 3
269.00, 3
270.00, 3
271.00, 3
272.00, 3
273.00, 3
274.00, 3
275.00, 8
276.00, 8
277.00, 8
278.00, 8
279.00, 8
280.00, 8
281.00, 8
282.00, 8
283.00, 8
284.00, 8
285.00, 8
286.00, 8
287.00, 8
288.00, 8
289.00, 8
290.00, 8
291.00, 8
292.00, 8
293.00, 8
294.00, 8
295.00, 8
296.00, 8
297.00, 8
298.00, 8
299.00, 8
300.00, 8
301.00, 8
302.00, 8
303.00, 8
304.00, 8
305.00, 8
306.00, 8
307.00, 8
308.00, 8
309.00, 8
310.00, 8
311.00, 8
312.00, 8
313.00, 8
314.00, 8
315.00, 8
316.00, 8
317.00, 8
318.00, 8
319.00, 8
320.00, 8
321.00, 8
322.00, 8
323.00, 8
324.00, 8
325.00, 8
326.00, 8
327.00, 8
328.00, 8
329.00, 8
330.00, 8
331.00, 8
332.00, 8
333.00, 8
334.00, 8
335.00, 8
336.00, 8
337.00, 8
338.00, 8
339.00, 8
340.00, 8
341.00, 8
342.00, 8
343.00, 8
344.00, 8
345.00, 8
346.00, 4
347.00, 4
348.00, 4
349.00, 4
350.00, 4
351.00, 4
352.00, 4
353.00, 4
354.00, 4
355.00, 4
356.00, 8
357.00, 8
358.00, 8
359.00, 8
360.00, 8
361.00, 8
362.00, 8
363.00, 8
364.00, 8
365.00, 8
366.00, 8
367.00, 8
368.00, 8
369.00, 8
370.00, 8
371.00, 8
372.00, 8
373.00, 8
374.00, 8
375.00, 8
376.00, 8
377.00, 8
378.00, 8
379.00, 8
380.00, 8
381.00, 8
382.00, 8
383.00, 8
384.00, 8
385.00, 8
386.00, 8
387.00, 8
388.00, 8
389.00, 1
390.00, 1
391.00, 1
392.00, 1
393.00, 1
394.00, 1
395.00, 1
396.00, 1
397.00, 1
398.00, 1
399.00, 1
400.00, 1
401.00, 1
402.00, 1
403.00, 1
404.00, 1
405.00, 1
406.00, 1
407.00, 1
408.00, 1
409.00, 1
410.00, 1
411.00, 1
412.00, 1
413.00, 1
414.00, 1
415.00, 4
416.00, 4
417.00, 4
418.00, 4
419.00, 4
420.00, 4
421.00, 4
422.00, 4
423.00, 4
424.00, 4
425.00, 4
426.00, 4
427.00, 4
428.00, 4
429.00, 4
430.00, 4
431.00, 4
432.00, 4
433.00, 4
434.00, 4
435.00, 4
436.00, 4
437.00, 4
438.00, 4
439.00, 4
440.00, 4
441.00, 4
442.00, 4
443.00, 4
444.00, 4
445.00, 4
446.00, 4
447.00, 4
448.00, 4
449.00, 4
450.00, 4
451.00, 6
452.00, 6
453.00, 6
454.00, 6
455.00, 6
456.00, 6
457.00, 6
458.00, 6
459.00, 6
460.00, 6
461.00, 6
462.00, 6
463.00, 6
464.00, 6
465.00, 6
466.00, 6
467.00, 6
468.00, 6
469.00, 6
470.00, 6
471.00, 6
472.00, 6
473.00, 6
474.00, 6
475.00, 6
476.00, 6
477.00, 6
478.00, 6
479.00, 6
480.00, 6
481.00, 6
482.00, 6
483.00, 6
484.00, 6
485.00, 6
486.00, 6
487.00, 6
488.00, 6
489.00, 6
490.00, 6
491.00, 6
492.00, 6
493.00, 6
494.00, 6
495.00, 6
496.00, 6
497.00, 6
498.00, 6
499.00, 6
500.00, 6
501.00, 6
502.00, 6
503.00, 6
504.00, 0
505.00, 0
506.00, 0
507.00, 0
508.00, 0
509.00, 0
510.00, 0
511.00, 0
512.00, 0
513.00, 0
514.00, 0
515.00, 0
516.00, 0
517.00, 0
518.00, 0
519.00, 0
520.00, 0
521.00, 0
522.00, 0
523.00, 0
524.00, 0
525.00, 0
526.00, 0
527.00, 0
528.00, 0
529.00, 0
530.00, 0
531.00, 0
532.00, 0
533.00, 0
534.00, 0
535.00, 0
536.00, 0
537.00, 0
538.00, 0
539.00, 2
540.00, 2
541.00, 2
542.00, 2
543.00, 2
544.00, 2
545.00, 2
546.00, 2
547.00, 2
548.00, 2
549.00, 2
550.00, 2
551.00, 2
552.00, 2
553.00, 2
554.00, 2
555.00, 2
556.00, 2
557.00, 2
558.00, 2
559.00, 2
560.00, 2
561.00, 2
562.00, 2
563.00, 2
564.00, 2
565.00, 2
566.00, 2
567.00, 2
568.00, 2
569.00, 2
570.00, 2
571.00, 2
572.00, 2
573.00, 2
574.00, 2
575.00, 2
576.00, 2
577.00, 2
578.00, 2
579.00, 2
580.00, 2
581.00, 2
582.00, 2
583.00, 2
584.00, 2
585.00, 2
586.00, 2
587.00, 2
588.00, 2
589.00, 2
590.00, 2
591.00, 2
592.00, 2
593.00, 2
594.00, 2
595.00, 2
596.00, 2
597.00, 2
598.00, 5
599.00, 5
600.00, 5
601.00, 5
602.00, 5
603.00, 5
604.00, 5
605.00, 5
606.00, 5
607.00, 5
608.00, 5
609.00, 5
610.00, 5
611.00, 5
612.00, 5
613.00, 5
614.00, 5
615.00, 5
616.00, 5
617.00, 5
618.00, 5
619.00, 5
620.00, 5
621.00, 5
622.00, 5
623.00, 3
624.00, 3
625.00, 3
626.00, 3
627.00, 3
628.00, 3
629.00, 3
630.00, 3
631.00, 3
632.00, 3
633.00, 3
634.00, 3
635.00, 3
636.00, 3
637.00, 3
638.00, 3
639.00, 3
640.00, 3
641.00, 3
642.00, 3
643.00, 3
644.00, 3
645.00, 3
646.00, 3
647.00, 3
648.00, 3
649.00, 3
650.00, 3
651.00, 3
652.00, 3
653.00, 3
654.00, 3
655.00, 3
656.00, 3
657.00, 3
658.00, 3
659.00, 3
660.00, 3
661.00, 3
662.00, 3
663.00, 3
664.00, 3
665.00, 3
666.00, 3
667.00, 3
668.00, 3
669.00, 3
670.00, 3
671.00, 3
672.00, 3
673.00, 3
674.00, 3
675.00, 3
676.00, 3
677.00, 3
678.00, 3
679.00, 3
680.00, 3
681.00, 8
682.00, 8
683.00, 8
684.00, 8
685.00, 8
686.00, 8
687.00, 8
688.00, 8
689.00, 8
690.00, 8
691.00, 8
692.00, 8
693.00, 8
694.00, 8
695.00, 8
696.00, 8
697.00, 8
698.00, 8
699.00, 8
700.00, 8
701.00, 8
702.00, 8
703.00, 8
704.00, 8
705.00, 8
706.00, 8
707.00, 8
708.00, 8
709.00, 8
710.00, 8
711.00, 8
712.00, 8
713.00, 8
714.00, 8
715.00, 8
716.00, 8
717.00, 8
718.00, 8
719.00, 8
720.00, 8
721.00, 8
722.00, 8
723.00, 8
724.00, 8
725.00, 8
726.00, 8
727.00, 8
728.00, 8
729.00, 8
730.00, 8
731.00, 8
732.00, 8
733.00, 8
734.00, 8
735.00, 8
736.00, 8
737.00, 8
738.00, 8
739.00, 8
740.00, 8
741.00, 8
742.00, 8
743.00, 8
744.00, 8
745.00, 8
746.00, 8
747.00, 8
748.00, 8
749.00, 8
750.00, 8
751.00, 8
752.00, 8
753.00, 8
754.00, 8
755.00, 8
756.00, 8
757.00, 8
758.00, 8
759.00, 4
760.00, 4
761.00, 4
762.00, 4
763.00, 4
764.00, 4
765.00, 4
766.00, 4
767.00, 4
768.00, 1
769.00, 1
770.00, 1
771.00, 1
772.00, 1
773.00, 1
774.00, 1
775.00, 1
776.00, 1
777.00, 1
778.00, 1
779.00, 1
780.00, 1
781.00, 1
782.00, 1
783.00, 1
784.00, 1
785.00, 1
786.00, 1
787.00, 1
788.00, 1
789.00, 1
790.00, 1
791.00, 1
792.00, 1
793.00, 1
794.00, 1
795.00, 1
796.00, 1
797.00, 1
798.00, 1
799.00, 1
800.00, 1
801.00, 1
802.00, 1
803.00, 1
804.00, 1
805.00, 1
806.00, 1
807.00, 1
808.00, 1
809.00, 1
810.00, 4
811.00, 4
812.00, 4
813.00, 4
814.00, 4
815.00, 4
816.00, 4
817.00, 4
818.00, 4
819.00, 4
820.00, 4
821.00, 4
822.00, 4
823.00, 4
824.00, 4
825.00, 4
826.00, 4
827.00, 4
828.00, 4
829.00, 4
830.00, 4
831.00, 4
832.00, 4
833.00, 4
834.00, 4
835.00, 4
836.00, 4
837.00, 4
838.00, 3
839.00, 3
840.00, 3
841.00, 3
842.00, 3
843.00, 3
844.00, 3
845.00, 3
846.00, 3
847.00, 8
848.00, 8
849.00, 8
850.00, 8
851.00, 8
852.00, 8
853.00, 8
854.00, 8
855.00, 8
856.00, 8
857.00, 8
858.00, 8
859.00, 8
860.00, 8
861.00, 8
862.00, 8
863.00, 8
864.00, 8
865.00, 8
866.00, 8
867.00, 8
868.00, 8
869.00, 8
870.00, 8
871.00, 8
872.00, 8
873.00, 8
874.00, 8
875.00, 8
876.00, 8
877.00, 8
878.00, 8
879.00, 8
880.00, 8
881.00, 8
882.00, 8
883.00, 8
884.00, 8
885.00, 8
886.00, 8
887.00, 8
888.00, 8
889.00, 8
890.00, 4
891.00, 4
892.00, 4
893.00, 4
894.00, 4
895.00, 4
896.00, 4
897.00, 4
898.00, 4
899.00, 4
900.00, 1
901.00, 1
902.00, 1
903.00, 1
904.00, 1
905.00, 1
906.00, 1
907.00, 1
908.00, 1
909.00, 1
910.00, 1
911.00, 1
912.00, 1
913.00, 1
914.00, 1
915.00, 1
916.00, 1
917.00, 1
918.00, 1
919.00, 1
920.00, 1
921.00, 1
922.00, 1
923.00, 1
924.00, 8
925.00, 3
926.00, 3
927.00, 3
928.00, 3
929.00, 3
930.00, 3
931.00, 3
932.00, 3
933.00, 3
934.00, 3
935.00, 3
936.00, 3
937.00, 3
938.00, 3
939.00, 3
940.00, 3
941.00, 3
942.00, 3
943.00, 3
944.00, 3
945.00, 3
946.00, 3
947.00, 3
948.00, 3
949.00, 3
950.00, 8
951.00, 8
952.00, 8
953.00, 8
954.00, 8
955.00, 8
956.00, 8
957.00, 8
958.00, 8
959.00, 8
960.00, 8
961.00, 8
962.00, 8
963.00, 8
964.00, 8
965.00, 8
966.00, 8
967.00, 8
968.00, 8
969.00, 8
970.00, 8
971.00, 8
972.00, 8
973.00, 8
974.00, 8
975.00, 8
976.00, 8
977.00, 8
978.00, 8
979.00, 8
980.00, 1
981.00, 1
982.00, 1
983.00, 1
984.00, 1
985.00, 1
986.00, 1
987.00, 1
988.00, 1
989.00, 1
990.00, 1
991.00, 1
992.00, 1
993.00, 1
994.00, 1
995.00, 1
996.00, 1
997.00, 1
998.00, 1
999.00, 1