0.00, 2
1.00, 2
2.00, 2
3.00, 2
4.00, 2
5.00, 2
6.00, 2
7.00, 2
8.00, 2
9.00, 2
10.00, 2
11.00, 2
12.00, 2
13.00, 4
14.00, 4
15.00, 4
16.00, 4
17.00, 4
18.00, 4
19.00, 4
20.00, 4
21.00, 4
22.00, 4
23.00, 4
24.00, 4
25.00, 4
26.00, 4
27.00, 4
28.00, 4
29.00, 4
30.00, 4
31.00, 4
32.00, 4
33.00, 4
34.00, 4
35.00, 4
36.00, 4
37.00, 4
38.00, 4
39.00, 4
40.00, 4
41.00, 4
42.00, 4
43.00, 2
44.00, 2
45.00, 2
46.00, 2
47.00, 2
48.00, 2
49.00, 2
50.00, 2
51.00, 2
52.00, 2
53.00, 2
54.00, 2
55.00, 2
56.00, 2
57.00, 2
58.00, 2
59.00, 2
60.00, 2
61.00, 2
62.00, 2
63.00, 2
64.00, 2
65.00, 2
66.00, 0
67.00, 3
68.00, 3
69.00, 3
70.00, 3
71.00, 3
72.00, 3
73.00, 3
74.00, 3
75.00, 3
76.00, 3
77.00, 3
78.00, 3
79.00, 3
80.00, 3
81.00, 3
82.00, 3
83.00, 3
84.00, 4
85.00, 4
86.00, 4
87.00, 4
88.00, 4
89.00, 4
90.00, 4
91.00, 4
92.00, 4
93.00, 4
94.00, 4
95.00, 4
96.00, 4
97.00, 4
98.00, 4
99.00, 4
100.00, 4
101.00, 4
102.00, 4
103.00, 4
104.00, 4
105.00, 4
106.00, 4
107.00, 4
108.00, 4
109.00, 4
110.00, 4
111.00, 4
112.00, 4
113.00, 4
114.00, 4
115.00, 4
116.00, 4
117.00, 4
118.00, 4
119.00, 4
120.00, 4
121.00, 4
122.00, 4
123.00, 4
124.00, 4
125.00, 4
126.00, 4
127.00, 4
128.00, 4
129.00, 4
130.00, 0
131.00, 1
132.00, 1
133.00, 1
134.00, 1
135.00, 1
136.00, 1
137.00, 1
138.00, 1
139.00, 1
140.00, 1
141.00, 1
142.00, 1
143.00, 1
144.00, 1
145.00, 1
146.00, 1
147.00, 1
148.00, 1
149.00, 1
150.00, 1
151.00, 1
152.00, 1
153.00, 1
154.00, 1
155.00, 1
156.00, 1
157.00, 1
158.00, 1
159.00, 1
160.00, 1
161.00, 1
162.00, 1
163.00, 1
164.00, 1
165.00, 8
166.00, 8
167.00, 8
168.00, 8
169.00, 8
170.00, 8
171.00, 8
172.00, 8
173.00, 8
174.00, 8
175.00, 8
176.00, 8
177.00, 8
178.00, 8
179.00, 8
180.00, 8
181.00, 8
182.00, 8
183.00, 8
184.00, 8
185.00, 8
186.00, 8
187.00, 8
188.00, 8
189.00, 8
190.00, 8
191.00, 8
192.00, 8
193.00, 8
194.00, 8
195.00, 8
196.00, 8
197.00, 8
198.00, 8
199.00, 8
200.00, 8
201.00, 8
202.00, 8
203.00, 8
204.00, 8
205.00, 8
206.00, 8
207.00, 8
208.00, 8
209.00, 8
210.00, 8
211.00, 8
212.00, 8
213.00, 8
214.00, 8
215.00, 8
216.00, 8
217.00, 8
218.00, 8
219.00, 8
220.00, 8
221.00, 8
222.00, 8
223.00, 8
224.00, 8
225.00, 8
226.00, 8
227.00, 8
228.00, 8
229.00, 1
230.00, 1
231.00, 1
232.00, 1
233.00, 1
234.00, 1
235.00, 1
236.00, 1
237.00, 1
238.00, 1
239.00, 1
240.00, 1
241.00, 1
242.00, 1
243.00, 1
244.00, 1
245.00, 1
246.00, 1
247.00, 1
248.00, 1
249.00, 1
250.00, 1
251.00, 1
252.00, 1
253.00, 1
254.00, 1
255.00, 1
256.00, 1
257.00, 1
258.00, 1
259.00, 1
260.00, 1
261.00, 1
262.00, 1
263.00, 1
264.00, 1
265.00, 1
266.00, 1
267.00, 1
268.00, 1
269.00, 1
270.00, 1
271.00, 1
272.00, 1
273.00, 1
274.00, 1
275.00, 1
276.00, 1
277.00, 1
278.00, 1
279.00, 1
280.00, 1
281.00, 1
282.00, 1
283.00, 1
284.00, 7
285.00, 7
286.00, 7
287.00, 7
288.00, 7
289.00, 7
290.00, 7
291.00, 7
292.00, 7
293.00, 7
294.00, 7
295.00, 7
296.00, 7
297.00, 7
298.00, 7
299.00, 7
300.00, 7
301.00, 7
302.00, 7
303.00, 7
304.00, 7
305.00, 7
306.00, 7
307.00, 7
308.00, 7
309.00, 7
310.00, 7
311.00, 7
312.00, 7
313.00, 7
314.00, 7
315.00, 7
316.00, 7
317.00, 7
318.00, 7
319.00, 7
320.00, 7
321.00, 7
322.00, 7
323.00, 7
324.00, 7
325.00, 7
326.00, 7
327.00, 7
328.00, 7
329.00, 7
330.00, 7
331.00, 7
332.00, 7
333.00, 7
334.00, 7
335.00, 7
336.00, 7
337.00, 7
338.00, 7
339.00, 7
340.00, 7
341.00, 7
342.00, 7
343.00, 7
344.00, 7
345.00, 7
346.00, 7
347.00, 7
348.00, 0
349.00, 4
350.00, 4
351.00, 4
352.00, 4
353.00, 4
354.00, 4
355.00, 4
356.00, 4
357.00, 4
358.00, 4
359.00, 4
360.00, 4
361.00, 4
362.00, 4
363.00, 4
364.00, 4
365.00, 4
366.00, 4
367.00, 4
368.00, 4
369.00, 4
370.00, 4
371.00, 4
372.00, 4
373.00, 4
374.00, 4
375.00, 4
376.00, 4
377.00, 4
378.00, 4
379.00, 4
380.00, 4
381.00, 4
382.00, 4
383.00, 4
384.00, 4
385.00, 4
386.00, 4
387.00, 4
388.00, 4
389.00, 4
390.00, 4
391.00, 4
392.00, 6
393.00, 6
394.00, 6
395.00, 6
396.00, 6
397.00, 6
398.00, 6
399.00, 6
400.00, 6
401.00, 0
402.00, 0
403.00, 0
404.00, 0
405.00, 0
406.00, 0
407.00, 0
408.00, 0
409.00, 0
410.00, 0
411.00, 0
412.00, 0
413.00, 0
414.00, 0
415.00, 0
416.00, 0
417.00, 0
418.00, 0
419.00, 0
420.00, 0
421.00, 0
422.00, 0
423.00, 0
424.00, 0
425.00, 0
426.00, 0
427.00, 0
428.00, 0
429.00, 0
430.00, 0
431.00, 0
432.00, 0
433.00, 0
434.00, 2
435.00, 2
436.00, 2
437.00, 2
438.00, 2
439.00, 2
440.00, 2
441.00, 2
442.00, 2
443.00, 2
444.00, 2
445.00, 2
446.00, 2
447.00, 2
448.00, 2
449.00, 2
450.00, 2
451.00, 2
452.00, 2
453.00, 2
454.00, 2
455.00, 2
456.00, 2
457.00, 2
458.00, 2
459.00, 2
460.00, 2
461.00, 2
462.00, 2
463.00, 0
464.00, 0
465.00, 0
466.00, 0
467.00, 0
468.00, 0
469.00, 0
470.00, 0
471.00, 0
472.00, 0
473.00, 0
474.00, 0
475.00, 0
476.00, 0
477.00, 0
478.00, 0
479.00, 0
480.00, 0
481.00, 0
482.00, 0
483.00, 0
484.00, 0
485.00, 0
486.00, 0
487.00, 0
488.00, 0
489.00, 0
490.00, 0
491.00, 0
492.00, 0
493.00, 0
494.00, 0
495.00, 0
496.00, 0
497.00, 0
498.00, 0
499.00, 0
500.00, 0
501.00, 0
502.00, 0
503.00, 0
504.00, 0
505.00, 0
506.00, 0
507.00, 0
508.00, 0
509.00, 0
510.00, 0
511.00, 0
512.00, 0
513.00, 0
514.00, 0
515.00, 0
516.00, 0
517.00, 0
518.00, 0
519.00, 0
520.00, 0
521.00, 0
522.00, 0
523.00, 0
524.00, 0
525.00, 0
526.00, 0
527.00, 0
528.00, 0
529.00, 0
530.00, 0
531.00, 0
532.00, 0
533.00, 0
534.00, 0
535.00, 0
536.00, 0
537.00, 0
538.00, 0
539.00, 0
540.00, 0
541.00, 0
542.00, 0
543.00, 0
544.00, 0
545.00, 0
546.00, 0
547.00, 0
548.00, 0
549.00, 0
550.00, 0
551.00, 0
552.00, 0
553.00, 0
554.00, 0
555.00, 0
556.00, 0
557.00, 0
558.00, 0
559.00, 0
560.00, 0
561.00, 0
562.00, 0
563.00, 0
564.00, 0
565.00, 0
566.00, 0
567.00, 0
568.00, 0
569.00, 0
570.00, 0
571.00, 0
572.00, 0
573.00, 0
574.00, 0
575.00, 0
576.00, 0
577.00, 0
578.00, 0
579.00, 0
580.00, 0
581.00, 0
582.00, 0
583.00, 0
584.00, 0
585.00, 0
586.00, 0
587.00, 0
588.00, 0
589.00, 0
590.00, 0
591.00, 0
592.00, 0
593.00, 0
594.00, 0
595.00, 0
596.00, 0
597.00, 2
598.00, 2
599.00, 2
600.00, 2
601.00, 2
602.00, 2
603.00, 2
604.00, 2
605.00, 2
606.00, 2
607.00, 2
608.00, 2
609.00, 2
610.00, 2
611.00, 2
612.00, 2
613.00, 2
614.00, 2
615.00, 2
616.00, 2
617.00, 2
618.00, 2
619.00, 2
620.00, 2
621.00, 2
622.00, 2
623.00, 2
624.00, 2
625.00, 2
626.00, 2
627.00, 2
628.00, 2
629.00, 2
630.00, 2
631.00, 2
632.00, 2
633.00, 2
634.00, 2
635.00, 2
636.00, 2
637.00, 2
638.00, 2
639.00, 2
640.00, 2
641.00, 2
642.00, 2
643.00, 2
644.00, 2
645.00, 2
646.00, 2
647.00, 2
648.00, 5
649.00, 0
650.00, 0
651.00, 0
652.00, 0
653.00, 0
654.00, 0
655.00, 0
656.00, 0
657.00, 0
658.00, 5
659.00, 2
660.00, 2
661.00, 2
662.00, 2
663.00, 2
664.00, 2
665.00, 2
666.00, 2
667.00, 2
668.00, 2
669.00, 2
670.00, 2
671.00, 2
672.00, 2
673.00, 2
674.00, 2
675.00, 2
676.00, 2
677.00, 2
678.00, 2
679.00, 2
680.00, 2
681.00, 2
682.00, 2
683.00, 2
684.00, 2
685.00, 2
686.00, 2
687.00, 2
688.00, 2
689.00, 2
690.00, 2
691.00, 2
692.00, 2
693.00, 2
694.00, 2
695.00, 2
696.00, 2
697.00, 2
698.00, 2
699.00, 2
700.00, 2
701.00, 2
702.00, 2
703.00, 2
704.00, 2
705.00, 2
706.00, 2
707.00, 2
708.00, 2
709.00, 2
710.00, 2
711.00, 2
712.00, 2
713.00, 2
714.00, 2
715.00, 2
716.00, 2
717.00, 2
718.00, 2
719.00, 2
720.00, 2
721.00, 2
722.00, 2
723.00, 2
724.00, 2
725.00, 2
726.00, 2
727.00, 6
728.00, 6
729.00, 6
730.00, 6
731.00, 6
732.00, 6
733.00, 6
734.00, 6
735.00, 6
736.00, 6
737.00, 6
738.00, 6
739.00, 6
740.00, 6
741.00, 6
742.00, 6
743.00, 6
744.00, 6
745.00, 6
746.00, 6
747.00, 6
748.00, 6
749.00, 6
750.00, 6
751.00, 6
752.00, 6
753.00, 6
754.00, 6
755.00, 6
756.00, 6
757.00, 6
758.00, 6
759.00, 6
760.00, 6
761.00, 6
762.00, 6
763.00, 6
764.00, 6
765.00, 6
766.00, 6
767.00, 6
768.00, 6
769.00, 6
770.00, 6
771.00, 6
772.00, 6
773.00, 6
774.00, 6
775.00, 7
776.00, 0
777.00, 0
778.00, 0
779.00, 0
780.00, 0
781.00, 0
782.00, 0
783.00, 0
784.00, 0
785.00, 0
786.00, 0
787.00, 0
788.00, 0
789.00, 0
790.00, 0
791.00, 0
792.00, 0
793.00, 0
794.00, 0
795.00, 0
796.00, 0
797.00, 0
798.00, 0
799.00, 0
800.00, 0
801.00, 0
802.00, 0
803.00, 0
804.00, 0
805.00, 0
806.00, 0
807.00, 0
808.00, 0
809.00, 0
810.00, 0
811.00, 0
812.00, 0
813.00, 0
814.00, 0
815.00, 0
816.00, 0
817.00, 0
818.00, 0
819.00, 0
820.00, 0
821.00, 0
822.00, 0
823.00, 0
824.00, 0
825.00, 0
826.00, 0
827.00, 4
828.00, 4
829.00, 4
830.00, 4
831.00, 4
832.00, 4
833.00, 4
834.00, 4
835.00, 4
836.00, 4
837.00, 4
838.00, 4
839.00, 4
840.00, 4
841.00, 4
842.00, 4
843.00, 4
844.00, 6
845.00, 6
846.00, 6
847.00, 6
848.00, 6
849.00, 6
850.00, 6
851.00, 6
852.00, 6
853.00, 6
854.00, 6
855.00, 6
856.00, 6
857.00, 6
858.00, 6
859.00, 6
860.00, 6
861.00, 6
862.00, 6
863.00, 6
864.00, 6
865.00, 6
866.00, 6
867.00, 6
868.00, 6
869.00, 6
870.00, 6
871.00, 6
872.00, 6
873.00, 6
874.00, 6
875.00, 6
876.00, 6
877.00, 6
878.00, 6
879.00, 6
880.00, 6
881.00, 6
882.00, 6
883.00, 6
884.00, 6
885.00, 6
886.00, 6
887.00, 6
888.00, 6
889.00, 6
890.00, 6
891.00, 6
892.00, 6
893.00, 6
894.00, 6
895.00, 6
896.00, 6
897.00, 6
898.00, 6
899.00, 6
900.00, 6
901.00, 6
902.00, 6
903.00, 6
904.00, 6
905.00, 6
906.00, 6
907.00, 6
908.00, 6
909.00, 6
910.00, 6
911.00, 6
912.00, 6
913.00, 6
914.00, 6
915.00, 6
916.00, 6
917.00, 6
918.00, 6
919.00, 6
920.00, 6
921.00, 6
922.00, 6
923.00, 6
924.00, 6
925.00, 6
926.00, 6
927.00, 6
928.00, 6
929.00, 6
930.00, 6
931.00, 6
932.00, 6
933.00, 6
934.00, 6
935.00, 6
936.00, 6
937.00, 6
938.00, 6
939.00, 6
940.00, 6
941.00, 6
942.00, 6
943.00, 6
944.00, 6
945.00, 0
946.00, 0
947.00, 0
948.00, 0
949.00, 0
950.00, 0
951.00, 0
952.00, 0
953.00, 0
954.00, 0
955.00, 0
956.00, 0
957.00, 0
958.00, 0
959.00, 0
960.00, 0
961.00, 0
962.00, 0
963.00, 0
964.00, 0
965.00, 0
966.00, 0
967.00, 0
968.00, 0
969.00, 0
970.00, 0
971.00, 0
972.00, 0
973.00, 0
974.00, 0
975.00, 0
976.00, 0
977.00, 0
978.00, 0
979.00, 0
980.00, 0
981.00, 2
982.00, 2
983.00, 2
984.00, 2
985.00, 2
986.00, 2
987.00, 2
988.00, 2
989.00, 2
990.00, 2
991.00, 2
992.00, 2
993.00, 2
994.00, 2
995.00, 2
996.00, 2
997.00, 2
998.00, 2
999.00, 2