0.00, 1
1.00, 1
2.00, 1
3.00, 1
4.00, 1
5.00, 1
6.00, 1
7.00, 1
8.00, 1
9.00, 1
10.00, 1
11.00, 1
12.00, 1
13.00, 1
14.00, 1
15.00, 7
16.00, 7
17.00, 7
18.00, 7
19.00, 7
20.00, 7
21.00, 7
22.00, 7
23.00, 7
24.00, 7
25.00, 7
26.00, 7
27.00, 7
28.00, 7
29.00, 7
30.00, 7
31.00, 7
32.00, 7
33.00, 7
34.00, 7
35.00, 7
36.00, 7
37.00, 7
38.00, 7
39.00, 7
40.00, 7
41.00, 7
42.00, 7
43.00, 7
44.00, 7
45.00, 7
46.00, 7
47.00, 7
48.00, 7
49.00, 7
50.00, 7
51.00, 7
52.00, 7
53.00, 7
54.00, 7
55.00, 7
56.00, 7
57.00, 7
58.00, 7
59.00, 7
60.00, 7
61.00, 7
62.00, 7
63.00, 7
64.00, 7
65.00, 7
66.00, 7
67.00, 7
68.00, 7
69.00, 7
70.00, 7
71.00, 7
72.00, 7
73.00, 7
74.00, 7
75.00, 7
76.00, 7
77.00, 7
78.00, 7
79.00, 7
80.00, 7
81.00, 7
82.00, 7
83.00, 7
84.00, 7
85.00, 7
86.00, 7
87.00, 7
88.00, 7
89.00, 7
90.00, 7
91.00, 7
92.00, 7
93.00, 7
94.00, 7
95.00, 7
96.00, 7
97.00, 7
98.00, 7
99.00, 7
100.00, 7
101.00, 7
102.00, 7
103.00, 7
104.00, 7
105.00, 7
106.00, 7
107.00, 7
108.00, 7
109.00, 7
110.00, 7
111.00, 7
112.00, 7
113.00, 7
114.00, 7
115.00, 7
116.00, 7
117.00, 7
118.00, 7
119.00, 7
120.00, 7
121.00, 7
122.00, 7
123.00, 7
124.00, 7
125.00, 7
126.00, 7
127.00, 7
128.00, 7
129.00, 7
130.00, 7
131.00, 7
132.00, 7
133.00, 7
134.00, 7
135.00, 7
136.00, 7
137.00, 7
138.00, 7
139.00, 7
140.00, 7
141.00, 7
142.00, 7
143.00, 7
144.00, 7
145.00, 7
146.00, 7
147.00, 7
148.00, 7
149.00, 7
150.00, 7
151.00, 7
152.00, 7
153.00, 7
154.00, 7
155.00, 7
156.00, 7
157.00, 7
158.00, 7
159.00, 7
160.00, 7
161.00, 7
162.00, 7
163.00, 7
164.00, 7
165.00, 7
166.00, 7
167.00, 7
168.00, 7
169.00, 7
170.00, 7
171.00, 7
172.00, 7
173.00, 7
174.00, 7
175.00, 7
176.00, 7
177.00, 7
178.00, 7
179.00, 7
180.00, 7
181.00, 7
182.00, 7
183.00, 7
184.00, 7
185.00, 7
186.00, 7
187.00, 7
188.00, 7
189.00, 7
190.00, 7
191.00, 7
192.00, 7
193.00, 7
194.00, 7
195.00, 7
196.00, 7
197.00, 7
198.00, 7
199.00, 7
200.00, 7
201.00, 7
202.00, 7
203.00, 7
204.00, 7
205.00, 7
206.00, 7
207.00, 7
208.00, 7
209.00, 7
210.00, 7
211.00, 7
212.00, 7
213.00, 7
214.00, 6
215.00, 6
216.00, 6
217.00, 6
218.00, 6
219.00, 6
220.00, 6
221.00, 6
222.00, 6
223.00, 6
224.00, 6
225.00, 6
226.00, 6
227.00, 6
228.00, 6
229.00, 6
230.00, 6
231.00, 6
232.00, 6
233.00, 6
234.00, 6
235.00, 6
236.00, 6
237.00, 6
238.00, 6
239.00, 6
240.00, 6
241.00, 6
242.00, 6
243.00, 6
244.00, 6
245.00, 6
246.00, 6
247.00, 6
248.00, 6
249.00, 6
250.00, 6
251.00, 6
252.00, 6
253.00, 6
254.00, 6
255.00, 6
256.00, 6
257.00, 6
258.00, 6
259.00, 6
260.00, 6
261.00, 6
262.00, 6
263.00, 6
264.00, 6
265.00, 6
266.00, 6
267.00, 6
268.00, 6
269.00, 6
270.00, 6
271.00, 6
272.00, 6
273.00, 6
274.00, 6
275.00, 6
276.00, 6
277.00, 6
278.00, 6
279.00, 6
280.00, 6
281.00, 6
282.00, 6
283.00, 6
284.00, 6
285.00, 6
286.00, 6
287.00, 6
288.00, 6
289.00, 6
290.00, 6
291.00, 6
292.00, 6
293.00, 6
294.00, 6
295.00, 6
296.00, 6
297.00, 6
298.00, 6
299.00, 6
300.00, 6
301.00, 4
302.00, 4
303.00, 4
304.00, 4
305.00, 4
306.00, 4
307.00, 4
308.00, 4
309.00, 4
310.00, 4
311.00, 4
312.00, 4
313.00, 4
314.00, 4
315.00, 4
316.00, 4
317.00, 4
318.00, 4
319.00, 4
320.00, 4
321.00, 4
322.00, 4
323.00, 4
324.00, 4
325.00, 4
326.00, 4
327.00, 4
328.00, 4
329.00, 4
330.00, 4
331.00, 4
332.00, 4
333.00, 4
334.00, 4
335.00, 4
336.00, 4
337.00, 4
338.00, 4
339.00, 4
340.00, 4
341.00, 4
342.00, 4
343.00, 4
344.00, 0
345.00, 1
346.00, 1
347.00, 1
348.00, 1
349.00, 1
350.00, 1
351.00, 1
352.00, 1
353.00, 1
354.00, 1
355.00, 1
356.00, 1
357.00, 1
358.00, 1
359.00, 1
360.00, 1
361.00, 1
362.00, 1
363.00, 1
364.00, 1
365.00, 1
366.00, 1
367.00, 1
368.00, 1
369.00, 1
370.00, 1
371.00, 1
372.00, 1
373.00, 1
374.00, 1
375.00, 1
376.00, 1
377.00, 1
378.00, 1
379.00, 1
380.00, 1
381.00, 1
382.00, 1
383.00, 1
384.00, 1
385.00, 1
386.00, 1
387.00, 1
388.00, 1
389.00, 1
390.00, 1
391.00, 1
392.00, 1
393.00, 1
394.00, 1
395.00, 1
396.00, 1
397.00, 1
398.00, 1
399.00, 1
400.00, 1
401.00, 1
402.00, 1
403.00, 1
404.00, 1
405.00, 1
406.00, 1
407.00, 1
408.00, 7
409.00, 7
410.00, 7
411.00, 7
412.00, 7
413.00, 7
414.00, 7
415.00, 7
416.00, 7
417.00, 7
418.00, 7
419.00, 7
420.00, 7
421.00, 7
422.00, 7
423.00, 7
424.00, 7
425.00, 7
426.00, 7
427.00, 7
428.00, 7
429.00, 7
430.00, 7
431.00, 7
432.00, 7
433.00, 7
434.00, 7
435.00, 7
436.00, 7
437.00, 7
438.00, 7
439.00, 7
440.00, 7
441.00, 7
442.00, 7
443.00, 7
444.00, 7
445.00, 7
446.00, 7
447.00, 7
448.00, 7
449.00, 7
450.00, 7
451.00, 7
452.00, 7
453.00, 7
454.00, 7
455.00, 7
456.00, 7
457.00, 7
458.00, 7
459.00, 7
460.00, 7
461.00, 7
462.00, 7
463.00, 7
464.00, 7
465.00, 7
466.00, 7
467.00, 7
468.00, 7
469.00, 6
470.00, 6
471.00, 6
472.00, 6
473.00, 6
474.00, 6
475.00, 6
476.00, 6
477.00, 6
478.00, 6
479.00, 6
480.00, 6
481.00, 6
482.00, 6
483.00, 6
484.00, 6
485.00, 6
486.00, 6
487.00, 6
488.00, 6
489.00, 6
490.00, 6
491.00, 6
492.00, 6
493.00, 6
494.00, 6
495.00, 6
496.00, 6
497.00, 6
498.00, 6
499.00, 6
500.00, 6
501.00, 6
502.00, 6
503.00, 6
504.00, 6
505.00, 6
506.00, 6
507.00, 6
508.00, 6
509.00, 6
510.00, 6
511.00, 6
512.00, 6
513.00, 6
514.00, 6
515.00, 6
516.00, 6
517.00, 6
518.00, 6
519.00, 6
520.00, 6
521.00, 6
522.00, 6
523.00, 6
524.00, 6
525.00, 6
526.00, 6
527.00, 6
528.00, 6
529.00, 6
530.00, 6
531.00, 6
532.00, 6
533.00, 6
534.00, 6
535.00, 6
536.00, 6
537.00, 6
538.00, 6
539.00, 6
540.00, 6
541.00, 6
542.00, 6
543.00, 6
544.00, 7
545.00, 7
546.00, 7
547.00, 7
548.00, 7
549.00, 7
550.00, 7
551.00, 7
552.00, 7
553.00, 7
554.00, 7
555.00, 7
556.00, 7
557.00, 7
558.00, 7
559.00, 7
560.00, 7
561.00, 7
562.00, 7
563.00, 7
564.00, 7
565.00, 7
566.00, 7
567.00, 7
568.00, 7
569.00, 7
570.00, 7
571.00, 7
572.00, 7
573.00, 7
574.00, 7
575.00, 7
576.00, 7
577.00, 7
578.00, 7
579.00, 7
580.00, 7
581.00, 7
582.00, 7
583.00, 7
584.00, 7
585.00, 7
586.00, 7
587.00, 7
588.00, 7
589.00, 7
590.00, 7
591.00, 7
592.00, 7
593.00, 7
594.00, 7
595.00, 7
596.00, 7
597.00, 7
598.00, 7
599.00, 7
600.00, 7
601.00, 7
602.00, 7
603.00, 7
604.00, 7
605.00, 7
606.00, 7
607.00, 1
608.00, 1
609.00, 1
610.00, 1
611.00, 1
612.00, 1
613.00, 1
614.00, 1
615.00, 1
616.00, 1
617.00, 1
618.00, 1
619.00, 1
620.00, 1
621.00, 1
622.00, 1
623.00, 1
624.00, 1
625.00, 1
626.00, 1
627.00, 1
628.00, 1
629.00, 1
630.00, 1
631.00, 1
632.00, 1
633.00, 1
634.00, 1
635.00, 1
636.00, 4
637.00, 4
638.00, 4
639.00, 4
640.00, 4
641.00, 4
642.00, 4
643.00, 4
644.00, 4
645.00, 4
646.00, 4
647.00, 4
648.00, 4
649.00, 4
650.00, 4
651.00, 4
652.00, 4
653.00, 4
654.00, 4
655.00, 4
656.00, 4
657.00, 3
658.00, 3
659.00, 3
660.00, 3
661.00, 3
662.00, 3
663.00, 3
664.00, 3
665.00, 3
666.00, 3
667.00, 3
668.00, 3
669.00, 3
670.00, 3
671.00, 3
672.00, 3
673.00, 3
674.00, 3
675.00, 3
676.00, 3
677.00, 3
678.00, 3
679.00, 3
680.00, 3
681.00, 3
682.00, 3
683.00, 3
684.00, 3
685.00, 3
686.00, 3
687.00, 4
688.00, 4
689.00, 4
690.00, 4
691.00, 4
692.00, 4
693.00, 4
694.00, 4
695.00, 4
696.00, 4
697.00, 4
698.00, 4
699.00, 4
700.00, 4
701.00, 4
702.00, 4
703.00, 4
704.00, 4
705.00, 4
706.00, 4
707.00, 4
708.00, 4
709.00, 4
710.00, 4
711.00, 4
712.00, 4
713.00, 4
714.00, 4
715.00, 4
716.00, 4
717.00, 4
718.00, 4
719.00, 4
720.00, 4
721.00, 4
722.00, 4
723.00, 4
724.00, 4
725.00, 4
726.00, 4
727.00, 4
728.00, 4
729.00, 4
730.00, 4
731.00, 4
732.00, 4
733.00, 4
734.00, 4
735.00, 4
736.00, 6
737.00, 6
738.00, 6
739.00, 6
740.00, 6
741.00, 6
742.00, 6
743.00, 6
744.00, 6
745.00, 6
746.00, 6
747.00, 6
748.00, 6
749.00, 6
750.00, 6
751.00, 6
752.00, 6
753.00, 6
754.00, 6
755.00, 6
756.00, 6
757.00, 6
758.00, 6
759.00, 6
760.00, 6
761.00, 6
762.00, 6
763.00, 6
764.00, 6
765.00, 6
766.00, 6
767.00, 6
768.00, 6
769.00, 6
770.00, 6
771.00, 6
772.00, 6
773.00, 6
774.00, 6
775.00, 6
776.00, 6
777.00, 6
778.00, 6
779.00, 6
780.00, 6
781.00, 6
782.00, 6
783.00, 6
784.00, 6
785.00, 6
786.00, 6
787.00, 6
788.00, 6
789.00, 7
790.00, 7
791.00, 7
792.00, 7
793.00, 7
794.00, 7
795.00, 7
796.00, 7
797.00, 7
798.00, 7
799.00, 7
800.00, 7
801.00, 7
802.00, 7
803.00, 7
804.00, 7
805.00, 7
806.00, 7
807.00, 7
808.00, 7
809.00, 7
810.00, 7
811.00, 7
812.00, 7
813.00, 7
814.00, 7
815.00, 7
816.00, 7
817.00, 7
818.00, 7
819.00, 7
820.00, 7
821.00, 7
822.00, 7
823.00, 7
824.00, 7
825.00, 7
826.00, 7
827.00, 7
828.00, 7
829.00, 7
830.00, 7
831.00, 7
832.00, 7
833.00, 7
834.00, 7
835.00, 7
836.00, 7
837.00, 7
838.00, 7
839.00, 7
840.00, 7
841.00, 7
842.00, 7
843.00, 7
844.00, 7
845.00, 7
846.00, 7
847.00, 7
848.00, 7
849.00, 7
850.00, 7
851.00, 7
852.00, 7
853.00, 7
854.00, 7
855.00, 7
856.00, 7
857.00, 7
858.00, 7
859.00, 7
860.00, 7
861.00, 7
862.00, 7
863.00, 7
864.00, 7
865.00, 7
866.00, 7
867.00, 7
868.00, 7
869.00, 7
870.00, 7
871.00, 7
872.00, 7
873.00, 7
874.00, 7
875.00, 7
876.00, 7
877.00, 7
878.00, 7
879.00, 1
880.00, 1
881.00, 1
882.00, 1
883.00, 1
884.00, 1
885.00, 1
886.00, 1
887.00, 1
888.00, 1
889.00, 1
890.00, 1
891.00, 1
892.00, 1
893.00, 1
894.00, 1
895.00, 1
896.00, 1
897.00, 1
898.00, 1
899.00, 1
900.00, 1
901.00, 1
902.00, 1
903.00, 1
904.00, 1
905.00, 1
906.00, 1
907.00, 1
908.00, 1
909.00, 1
910.00, 1
911.00, 1
912.00, 1
913.00, 1
914.00, 1
915.00, 1
916.00, 1
917.00, 8
918.00, 8
919.00, 8
920.00, 8
921.00, 8
922.00, 8
923.00, 8
924.00, 8
925.00, 8
926.00, 8
927.00, 8
928.00, 8
929.00, 8
930.00, 8
931.00, 8
932.00, 8
933.00, 8
934.00, 8
935.00, 8
936.00, 8
937.00, 8
938.00, 8
939.00, 8
940.00, 8
941.00, 8
942.00, 8
943.00, 8
944.00, 8
945.00, 8
946.00, 8
947.00, 8
948.00, 8
949.00, 8
950.00, 8
951.00, 8
952.00, 8
953.00, 8
954.00, 8
955.00, 8
956.00, 8
957.00, 8
958.00, 8
959.00, 8
960.00, 8
961.00, 8
962.00, 8
963.00, 8
964.00, 8
965.00, 8
966.00, 3
967.00, 3
968.00, 3
969.00, 3
970.00, 3
971.00, 3
972.00, 3
973.00, 3
974.00, 3
975.00, 3
976.00, 3
977.00, 3
978.00, 3
979.00, 3
980.00, 3
981.00, 3
982.00, 3
983.00, 3
984.00, 3
985.00, 3
986.00, 3
987.00, 3
988.00, 3
989.00, 3
990.00, 3
991.00, 3
992.00, 3
993.00, 3
994.00, 3
995.00, 3
996.00, 3
997.00, 3
998.00, 3
999.00, 3