0.00, 6
1.00, 6
2.00, 6
3.00, 6
4.00, 6
5.00, 6
6.00, 6
7.00, 6
8.00, 6
9.00, 7
10.00, 0
11.00, 0
12.00, 0
13.00, 0
14.00, 0
15.00, 0
16.00, 0
17.00, 0
18.00, 0
19.00, 0
20.00, 0
21.00, 0
22.00, 2
23.00, 2
24.00, 2
25.00, 2
26.00, 2
27.00, 2
28.00, 2
29.00, 2
30.00, 2
31.00, 2
32.00, 2
33.00, 2
34.00, 2
35.00, 2
36.00, 2
37.00, 2
38.00, 2
39.00, 2
40.00, 2
41.00, 2
42.00, 2
43.00, 2
44.00, 2
45.00, 2
46.00, 2
47.00, 2
48.00, 2
49.00, 2
50.00, 2
51.00, 2
52.00, 2
53.00, 2
54.00, 2
55.00, 2
56.00, 2
57.00, 2
58.00, 2
59.00, 2
60.00, 2
61.00, 2
62.00, 5
63.00, 5
64.00, 5
65.00, 5
66.00, 5
67.00, 5
68.00, 5
69.00, 5
70.00, 5
71.00, 2
72.00, 4
73.00, 4
74.00, 4
75.00, 4
76.00, 4
77.00, 4
78.00, 4
79.00, 4
80.00, 4
81.00, 4
82.00, 4
83.00, 4
84.00, 4
85.00, 4
86.00, 4
87.00, 4
88.00, 4
89.00, 4
90.00, 4
91.00, 2
92.00, 2
93.00, 2
94.00, 2
95.00, 2
96.00, 2
97.00, 2
98.00, 2
99.00, 2
100.00, 2
101.00, 2
102.00, 2
103.00, 2
104.00, 2
105.00, 2
106.00, 2
107.00, 2
108.00, 2
109.00, 2
110.00, 2
111.00, 2
112.00, 2
113.00, 2
114.00, 2
115.00, 2
116.00, 2
117.00, 2
118.00, 2
119.00, 2
120.00, 2
121.00, 2
122.00, 2
123.00, 2
124.00, 5
125.00, 5
126.00, 5
127.00, 5
128.00, 5
129.00, 5
130.00, 5
131.00, 5
132.00, 5
133.00, 5
134.00, 4
135.00, 4
136.00, 4
137.00, 4
138.00, 4
139.00, 4
140.00, 4
141.00, 4
142.00, 4
143.00, 4
144.00, 4
145.00, 4
146.00, 4
147.00, 4
148.00, 4
149.00, 4
150.00, 4
151.00, 4
152.00, 4
153.00, 4
154.00, 4
155.00, 4
156.00, 4
157.00, 4
158.00, 4
159.00, 4
160.00, 4
161.00, 4
162.00, 4
163.00, 4
164.00, 4
165.00, 4
166.00, 4
167.00, 4
168.00, 4
169.00, 4
170.00, 4
171.00, 4
172.00, 4
173.00, 4
174.00, 4
175.00, 4
176.00, 4
177.00, 4
178.00, 4
179.00, 4
180.00, 4
181.00, 4
182.00, 4
183.00, 4
184.00, 4
185.00, 4
186.00, 4
187.00, 4
188.00, 4
189.00, 3
190.00, 3
191.00, 3
192.00, 3
193.00, 3
194.00, 3
195.00, 3
196.00, 3
197.00, 3
198.00, 3
199.00, 3
200.00, 3
201.00, 3
202.00, 3
203.00, 3
204.00, 3
205.00, 3
206.00, 3
207.00, 3
208.00, 3
209.00, 3
210.00, 3
211.00, 3
212.00, 3
213.00, 3
214.00, 3
215.00, 3
216.00, 5
217.00, 5
218.00, 5
219.00, 5
220.00, 5
221.00, 5
222.00, 5
223.00, 5
224.00, 5
225.00, 5
226.00, 5
227.00, 5
228.00, 5
229.00, 5
230.00, 5
231.00, 5
232.00, 5
233.00, 5
234.00, 5
235.00, 5
236.00, 5
237.00, 5
238.00, 5
239.00, 5
240.00, 5
241.00, 5
242.00, 5
243.00, 5
244.00, 5
245.00, 5
246.00, 5
247.00, 5
248.00, 5
249.00, 2
250.00, 2
251.00, 2
252.00, 2
253.00, 2
254.00, 2
255.00, 2
256.00, 2
257.00, 2
258.00, 2
259.00, 2
260.00, 2
261.00, 2
262.00, 2
263.00, 2
264.00, 2
265.00, 2
266.00, 2
267.00, 2
268.00, 2
269.00, 2
270.00, 2
271.00, 2
272.00, 2
273.00, 2
274.00, 2
275.00, 2
276.00, 2
277.00, 2
278.00, 2
279.00, 2
280.00, 2
281.00, 2
282.00, 2
283.00, 2
284.00, 2
285.00, 2
286.00, 2
287.00, 2
288.00, 2
289.00, 2
290.00, 2
291.00, 2
292.00, 2
293.00, 2
294.00, 2
295.00, 2
296.00, 2
297.00, 2
298.00, 2
299.00, 2
300.00, 2
301.00, 2
302.00, 2
303.00, 2
304.00, 2
305.00, 2
306.00, 2
307.00, 2
308.00, 2
309.00, 2
310.00, 2
311.00, 2
312.00, 2
313.00, 2
314.00, 2
315.00, 2
316.00, 2
317.00, 2
318.00, 2
319.00, 2
320.00, 2
321.00, 2
322.00, 2
323.00, 2
324.00, 2
325.00, 2
326.00, 2
327.00, 2
328.00, 2
329.00, 2
330.00, 2
331.00, 2
332.00, 2
333.00, 2
334.00, 2
335.00, 2
336.00, 2
337.00, 2
338.00, 2
339.00, 2
340.00, 2
341.00, 2
342.00, 2
343.00, 2
344.00, 2
345.00, 2
346.00, 2
347.00, 2
348.00, 2
349.00, 2
350.00, 2
351.00, 2
352.00, 4
353.00, 4
354.00, 4
355.00, 4
356.00, 4
357.00, 4
358.00, 4
359.00, 4
360.00, 4
361.00, 4
362.00, 6
363.00, 6
364.00, 6
365.00, 6
366.00, 6
367.00, 6
368.00, 6
369.00, 6
370.00, 6
371.00, 6
372.00, 6
373.00, 6
374.00, 6
375.00, 6
376.00, 6
377.00, 6
378.00, 6
379.00, 6
380.00, 6
381.00, 6
382.00, 6
383.00, 6
384.00, 6
385.00, 6
386.00, 6
387.00, 6
388.00, 6
389.00, 6
390.00, 6
391.00, 6
392.00, 6
393.00, 6
394.00, 6
395.00, 6
396.00, 6
397.00, 6
398.00, 6
399.00, 6
400.00, 6
401.00, 6
402.00, 6
403.00, 6
404.00, 6
405.00, 6
406.00, 6
407.00, 6
408.00, 6
409.00, 6
410.00, 6
411.00, 6
412.00, 6
413.00, 6
414.00, 6
415.00, 6
416.00, 6
417.00, 6
418.00, 6
419.00, 6
420.00, 6
421.00, 6
422.00, 6
423.00, 6
424.00, 6
425.00, 6
426.00, 6
427.00, 6
428.00, 6
429.00, 6
430.00, 6
431.00, 6
432.00, 6
433.00, 6
434.00, 6
435.00, 6
436.00, 6
437.00, 6
438.00, 6
439.00, 6
440.00, 6
441.00, 6
442.00, 6
443.00, 6
444.00, 6
445.00, 6
446.00, 6
447.00, 6
448.00, 6
449.00, 6
450.00, 6
451.00, 6
452.00, 6
453.00, 6
454.00, 6
455.00, 6
456.00, 6
457.00, 6
458.00, 6
459.00, 6
460.00, 6
461.00, 6
462.00, 6
463.00, 6
464.00, 6
465.00, 6
466.00, 6
467.00, 6
468.00, 6
469.00, 6
470.00, 6
471.00, 6
472.00, 6
473.00, 6
474.00, 7
475.00, 7
476.00, 7
477.00, 7
478.00, 7
479.00, 7
480.00, 7
481.00, 7
482.00, 7
483.00, 7
484.00, 7
485.00, 7
486.00, 7
487.00, 7
488.00, 7
489.00, 7
490.00, 7
491.00, 7
492.00, 7
493.00, 7
494.00, 7
495.00, 7
496.00, 7
497.00, 7
498.00, 7
499.00, 7
500.00, 7
501.00, 7
502.00, 6
503.00, 6
504.00, 6
505.00, 6
506.00, 6
507.00, 6
508.00, 6
509.00, 6
510.00, 6
511.00, 6
512.00, 6
513.00, 6
514.00, 6
515.00, 6
516.00, 6
517.00, 6
518.00, 6
519.00, 6
520.00, 6
521.00, 6
522.00, 6
523.00, 6
524.00, 6
525.00, 6
526.00, 6
527.00, 6
528.00, 6
529.00, 6
530.00, 6
531.00, 6
532.00, 0
533.00, 0
534.00, 0
535.00, 0
536.00, 0
537.00, 0
538.00, 0
539.00, 0
540.00, 0
541.00, 0
542.00, 0
543.00, 0
544.00, 0
545.00, 0
546.00, 0
547.00, 0
548.00, 0
549.00, 0
550.00, 0
551.00, 0
552.00, 0
553.00, 0
554.00, 0
555.00, 0
556.00, 0
557.00, 6
558.00, 4
559.00, 4
560.00, 4
561.00, 4
562.00, 4
563.00, 4
564.00, 4
565.00, 4
566.00, 4
567.00, 4
568.00, 4
569.00, 4
570.00, 4
571.00, 4
572.00, 4
573.00, 4
574.00, 4
575.00, 4
576.00, 4
577.00, 4
578.00, 4
579.00, 4
580.00, 4
581.00, 4
582.00, 1
583.00, 1
584.00, 1
585.00, 1
586.00, 1
587.00, 1
588.00, 1
589.00, 1
590.00, 1
591.00, 1
592.00, 1
593.00, 1
594.00, 1
595.00, 1
596.00, 1
597.00, 1
598.00, 1
599.00, 1
600.00, 1
601.00, 1
602.00, 1
603.00, 1
604.00, 1
605.00, 1
606.00, 1
607.00, 1
608.00, 1
609.00, 1
610.00, 1
611.00, 1
612.00, 1
613.00, 1
614.00, 1
615.00, 1
616.00, 1
617.00, 1
618.00, 1
619.00, 1
620.00, 1
621.00, 1
622.00, 1
623.00, 1
624.00, 1
625.00, 1
626.00, 1
627.00, 1
628.00, 1
629.00, 1
630.00, 1
631.00, 1
632.00, 1
633.00, 1
634.00, 1
635.00, 1
636.00, 1
637.00, 1
638.00, 1
639.00, 1
640.00, 1
641.00, 1
642.00, 1
643.00, 1
644.00, 1
645.00, 1
646.00, 1
647.00, 1
648.00, 1
649.00, 1
650.00, 1
651.00, 1
652.00, 1
653.00, 1
654.00, 1
655.00, 1
656.00, 1
657.00, 1
658.00, 1
659.00, 1
660.00, 1
661.00, 1
662.00, 1
663.00, 1
664.00, 1
665.00, 1
666.00, 1
667.00, 1
668.00, 1
669.00, 1
670.00, 1
671.00, 1
672.00, 1
673.00, 1
674.00, 1
675.00, 1
676.00, 1
677.00, 1
678.00, 1
679.00, 1
680.00, 1
681.00, 1
682.00, 1
683.00, 1
684.00, 1
685.00, 1
686.00, 1
687.00, 1
688.00, 1
689.00, 1
690.00, 1
691.00, 1
692.00, 1
693.00, 1
694.00, 1
695.00, 1
696.00, 1
697.00, 1
698.00, 1
699.00, 1
700.00, 1
701.00, 1
702.00, 1
703.00, 1
704.00, 1
705.00, 1
706.00, 1
707.00, 1
708.00, 1
709.00, 1
710.00, 1
711.00, 1
712.00, 1
713.00, 1
714.00, 1
715.00, 1
716.00, 1
717.00, 1
718.00, 1
719.00, 1
720.00, 1
721.00, 1
722.00, 1
723.00, 1
724.00, 1
725.00, 1
726.00, 1
727.00, 1
728.00, 1
729.00, 1
730.00, 1
731.00, 1
732.00, 1
733.00, 1
734.00, 1
735.00, 1
736.00, 4
737.00, 4
738.00, 4
739.00, 4
740.00, 4
741.00, 4
742.00, 4
743.00, 4
744.00, 4
745.00, 4
746.00, 4
747.00, 4
748.00, 4
749.00, 4
750.00, 4
751.00, 4
752.00, 4
753.00, 4
754.00, 4
755.00, 4
756.00, 3
757.00, 3
758.00, 3
759.00, 3
760.00, 3
761.00, 3
762.00, 3
763.00, 3
764.00, 3
765.00, 3
766.00, 3
767.00, 3
768.00, 3
769.00, 3
770.00, 3
771.00, 3
772.00, 3
773.00, 3
774.00, 3
775.00, 3
776.00, 3
777.00, 3
778.00, 3
779.00, 3
780.00, 3
781.00, 3
782.00, 3
783.00, 3
784.00, 3
785.00, 3
786.00, 3
787.00, 3
788.00, 3
789.00, 3
790.00, 3
791.00, 3
792.00, 3
793.00, 3
794.00, 3
795.00, 3
796.00, 3
797.00, 3
798.00, 3
799.00, 4
800.00, 4
801.00, 4
802.00, 4
803.00, 4
804.00, 4
805.00, 4
806.00, 4
807.00, 4
808.00, 4
809.00, 8
810.00, 8
811.00, 8
812.00, 8
813.00, 8
814.00, 8
815.00, 8
816.00, 8
817.00, 8
818.00, 8
819.00, 8
820.00, 8
821.00, 8
822.00, 8
823.00, 8
824.00, 8
825.00, 8
826.00, 8
827.00, 8
828.00, 8
829.00, 8
830.00, 8
831.00, 8
832.00, 8
833.00, 8
834.00, 8
835.00, 8
836.00, 8
837.00, 8
838.00, 8
839.00, 3
840.00, 3
841.00, 3
842.00, 3
843.00, 3
844.00, 3
845.00, 3
846.00, 3
847.00, 3
848.00, 3
849.00, 3
850.00, 3
851.00, 3
852.00, 3
853.00, 3
854.00, 3
855.00, 3
856.00, 3
857.00, 3
858.00, 4
859.00, 4
860.00, 4
861.00, 4
862.00, 4
863.00, 4
864.00, 4
865.00, 4
866.00, 4
867.00, 4
868.00, 4
869.00, 4
870.00, 4
871.00, 4
872.00, 4
873.00, 4
874.00, 4
875.00, 8
876.00, 8
877.00, 8
878.00, 8
879.00, 8
880.00, 8
881.00, 8
882.00, 8
883.00, 8
884.00, 8
885.00, 8
886.00, 8
887.00, 8
888.00, 8
889.00, 8
890.00, 8
891.00, 8
892.00, 8
893.00, 8
894.00, 8
895.00, 8
896.00, 8
897.00, 8
898.00, 8
899.00, 8
900.00, 8
901.00, 8
902.00, 8
903.00, 8
904.00, 8
905.00, 8
906.00, 8
907.00, 8
908.00, 8
909.00, 8
910.00, 8
911.00, 8
912.00, 8
913.00, 8
914.00, 8
915.00, 8
916.00, 8
917.00, 8
918.00, 8
919.00, 8
920.00, 8
921.00, 8
922.00, 8
923.00, 8
924.00, 8
925.00, 8
926.00, 8
927.00, 8
928.00, 8
929.00, 8
930.00, 8
931.00, 8
932.00, 8
933.00, 8
934.00, 8
935.00, 8
936.00, 8
937.00, 8
938.00, 8
939.00, 8
940.00, 8
941.00, 8
942.00, 8
943.00, 8
944.00, 8
945.00, 8
946.00, 8
947.00, 8
948.00, 8
949.00, 8
950.00, 8
951.00, 8
952.00, 8
953.00, 8
954.00, 8
955.00, 8
956.00, 8
957.00, 8
958.00, 3
959.00, 3
960.00, 3
961.00, 3
962.00, 3
963.00, 3
964.00, 3
965.00, 3
966.00, 3
967.00, 3
968.00, 3
969.00, 3
970.00, 3
971.00, 3
972.00, 3
973.00, 3
974.00, 3
975.00, 3
976.00, 3
977.00, 3
978.00, 3
979.00, 3
980.00, 3
981.00, 3
982.00, 3
983.00, 3
984.00, 3
985.00, 3
986.00, 3
987.00, 5
988.00, 5
989.00, 5
990.00, 5
991.00, 5
992.00, 5
993.00, 5
994.00, 5
995.00, 5
996.00, 5
997.00, 5
998.00, 5
999.00, 5