0.00, 5
1.00, 5
2.00, 5
3.00, 5
4.00, 5
5.00, 5
6.00, 5
7.00, 5
8.00, 5
9.00, 5
10.00, 5
11.00, 5
12.00, 5
13.00, 5
14.00, 5
15.00, 5
16.00, 5
17.00, 5
18.00, 5
19.00, 5
20.00, 5
21.00, 5
22.00, 5
23.00, 5
24.00, 5
25.00, 5
26.00, 5
27.00, 5
28.00, 5
29.00, 5
30.00, 5
31.00, 5
32.00, 5
33.00, 5
34.00, 5
35.00, 5
36.00, 5
37.00, 5
38.00, 5
39.00, 5
40.00, 5
41.00, 5
42.00, 5
43.00, 5
44.00, 5
45.00, 5
46.00, 5
47.00, 5
48.00, 5
49.00, 5
50.00, 5
51.00, 5
52.00, 5
53.00, 5
54.00, 5
55.00, 5
56.00, 5
57.00, 5
58.00, 5
59.00, 5
60.00, 5
61.00, 5
62.00, 5
63.00, 5
64.00, 5
65.00, 5
66.00, 5
67.00, 5
68.00, 5
69.00, 5
70.00, 5
71.00, 5
72.00, 5
73.00, 5
74.00, 5
75.00, 5
76.00, 5
77.00, 5
78.00, 5
79.00, 5
80.00, 5
81.00, 5
82.00, 5
83.00, 5
84.00, 5
85.00, 5
86.00, 5
87.00, 5
88.00, 5
89.00, 5
90.00, 5
91.00, 5
92.00, 5
93.00, 5
94.00, 5
95.00, 5
96.00, 5
97.00, 5
98.00, 5
99.00, 5
100.00, 5
101.00, 5
102.00, 5
103.00, 5
104.00, 5
105.00, 5
106.00, 5
107.00, 5
108.00, 5
109.00, 5
110.00, 5
111.00, 5
112.00, 5
113.00, 5
114.00, 5
115.00, 5
116.00, 5
117.00, 5
118.00, 5
119.00, 5
120.00, 5
121.00, 5
122.00, 5
123.00, 5
124.00, 5
125.00, 5
126.00, 5
127.00, 5
128.00, 5
129.00, 5
130.00, 5
131.00, 5
132.00, 5
133.00, 5
134.00, 5
135.00, 5
136.00, 5
137.00, 5
138.00, 5
139.00, 5
140.00, 5
141.00, 5
142.00, 5
143.00, 5
144.00, 5
145.00, 5
146.00, 5
147.00, 5
148.00, 5
149.00, 5
150.00, 5
151.00, 5
152.00, 5
153.00, 5
154.00, 5
155.00, 5
156.00, 5
157.00, 5
158.00, 5
159.00, 5
160.00, 2
161.00, 2
162.00, 2
163.00, 2
164.00, 2
165.00, 2
166.00, 2
167.00, 2
168.00, 2
169.00, 2
170.00, 2
171.00, 2
172.00, 2
173.00, 2
174.00, 2
175.00, 2
176.00, 2
177.00, 2
178.00, 2
179.00, 2
180.00, 2
181.00, 2
182.00, 2
183.00, 2
184.00, 2
185.00, 2
186.00, 2
187.00, 2
188.00, 2
189.00, 2
190.00, 2
191.00, 2
192.00, 2
193.00, 2
194.00, 2
195.00, 2
196.00, 2
197.00, 2
198.00, 2
199.00, 2
200.00, 2
201.00, 2
202.00, 2
203.00, 4
204.00, 4
205.00, 4
206.00, 4
207.00, 4
208.00, 4
209.00, 4
210.00, 4
211.00, 4
212.00, 4
213.00, 6
214.00, 6
215.00, 6
216.00, 6
217.00, 6
218.00, 6
219.00, 6
220.00, 6
221.00, 6
222.00, 6
223.00, 6
224.00, 6
225.00, 6
226.00, 6
227.00, 6
228.00, 6
229.00, 6
230.00, 6
231.00, 0
232.00, 0
233.00, 0
234.00, 0
235.00, 0
236.00, 0
237.00, 0
238.00, 0
239.00, 0
240.00, 0
241.00, 0
242.00, 0
243.00, 0
244.00, 0
245.00, 0
246.00, 0
247.00, 0
248.00, 0
249.00, 0
250.00, 0
251.00, 0
252.00, 0
253.00, 0
254.00, 0
255.00, 0
256.00, 0
257.00, 0
258.00, 0
259.00, 0
260.00, 0
261.00, 0
262.00, 0
263.00, 0
264.00, 0
265.00, 0
266.00, 0
267.00, 0
268.00, 0
269.00, 0
270.00, 0
271.00, 0
272.00, 0
273.00, 0
274.00, 0
275.00, 0
276.00, 0
277.00, 0
278.00, 0
279.00, 0
280.00, 0
281.00, 0
282.00, 0
283.00, 0
284.00, 0
285.00, 0
286.00, 0
287.00, 0
288.00, 0
289.00, 0
290.00, 0
291.00, 0
292.00, 0
293.00, 0
294.00, 0
295.00, 0
296.00, 0
297.00, 0
298.00, 0
299.00, 0
300.00, 0
301.00, 0
302.00, 0
303.00, 0
304.00, 0
305.00, 0
306.00, 0
307.00, 0
308.00, 0
309.00, 0
310.00, 0
311.00, 0
312.00, 0
313.00, 0
314.00, 0
315.00, 0
316.00, 0
317.00, 0
318.00, 7
319.00, 4
320.00, 4
321.00, 4
322.00, 4
323.00, 4
324.00, 4
325.00, 4
326.00, 4
327.00, 4
328.00, 4
329.00, 4
330.00, 4
331.00, 4
332.00, 4
333.00, 4
334.00, 4
335.00, 4
336.00, 4
337.00, 4
338.00, 4
339.00, 4
340.00, 4
341.00, 4
342.00, 4
343.00, 4
344.00, 4
345.00, 4
346.00, 4
347.00, 4
348.00, 4
349.00, 4
350.00, 4
351.00, 4
352.00, 4
353.00, 4
354.00, 4
355.00, 4
356.00, 1
357.00, 1
358.00, 1
359.00, 1
360.00, 1
361.00, 1
362.00, 1
363.00, 1
364.00, 1
365.00, 1
366.00, 1
367.00, 1
368.00, 1
369.00, 1
370.00, 1
371.00, 1
372.00, 1
373.00, 1
374.00, 1
375.00, 1
376.00, 1
377.00, 1
378.00, 1
379.00, 1
380.00, 1
381.00, 1
382.00, 1
383.00, 1
384.00, 1
385.00, 8
386.00, 8
387.00, 8
388.00, 8
389.00, 8
390.00, 8
391.00, 8
392.00, 8
393.00, 8
394.00, 8
395.00, 8
396.00, 8
397.00, 8
398.00, 8
399.00, 8
400.00, 8
401.00, 8
402.00, 3
403.00, 3
404.00, 3
405.00, 3
406.00, 3
407.00, 3
408.00, 3
409.00, 3
410.00, 3
411.00, 3
412.00, 3
413.00, 3
414.00, 3
415.00, 3
416.00, 3
417.00, 3
418.00, 3
419.00, 3
420.00, 3
421.00, 3
422.00, 5
423.00, 5
424.00, 5
425.00, 5
426.00, 5
427.00, 5
428.00, 5
429.00, 5
430.00, 5
431.00, 5
432.00, 5
433.00, 5
434.00, 5
435.00, 5
436.00, 5
437.00, 5
438.00, 5
439.00, 5
440.00, 5
441.00, 5
442.00, 5
443.00, 5
444.00, 5
445.00, 5
446.00, 5
447.00, 5
448.00, 5
449.00, 5
450.00, 5
451.00, 5
452.00, 5
453.00, 5
454.00, 5
455.00, 5
456.00, 5
457.00, 5
458.00, 5
459.00, 5
460.00, 5
461.00, 5
462.00, 5
463.00, 5
464.00, 5
465.00, 5
466.00, 5
467.00, 5
468.00, 5
469.00, 5
470.00, 5
471.00, 5
472.00, 5
473.00, 5
474.00, 5
475.00, 5
476.00, 5
477.00, 5
478.00, 5
479.00, 5
480.00, 5
481.00, 5
482.00, 5
483.00, 5
484.00, 5
485.00, 5
486.00, 5
487.00, 5
488.00, 5
489.00, 5
490.00, 5
491.00, 5
492.00, 5
493.00, 5
494.00, 5
495.00, 5
496.00, 5
497.00, 5
498.00, 5
499.00, 5
500.00, 5
501.00, 5
502.00, 5
503.00, 5
504.00, 5
505.00, 5
506.00, 5
507.00, 5
508.00, 5
509.00, 5
510.00, 5
511.00, 5
512.00, 5
513.00, 5
514.00, 5
515.00, 5
516.00, 5
517.00, 5
518.00, 5
519.00, 5
520.00, 5
521.00, 5
522.00, 5
523.00, 5
524.00, 5
525.00, 5
526.00, 5
527.00, 3
528.00, 3
529.00, 3
530.00, 3
531.00, 3
532.00, 3
533.00, 3
534.00, 3
535.00, 3
536.00, 3
537.00, 3
538.00, 3
539.00, 3
540.00, 3
541.00, 3
542.00, 3
543.00, 3
544.00, 3
545.00, 3
546.00, 3
547.00, 3
548.00, 3
549.00, 3
550.00, 8
551.00, 8
552.00, 8
553.00, 8
554.00, 8
555.00, 8
556.00, 8
557.00, 8
558.00, 8
559.00, 8
560.00, 8
561.00, 8
562.00, 8
563.00, 8
564.00, 8
565.00, 8
566.00, 8
567.00, 8
568.00, 8
569.00, 8
570.00, 8
571.00, 8
572.00, 8
573.00, 8
574.00, 8
575.00, 8
576.00, 8
577.00, 8
578.00, 8
579.00, 8
580.00, 8
581.00, 8
582.00, 8
583.00, 8
584.00, 8
585.00, 8
586.00, 8
587.00, 8
588.00, 8
589.00, 8
590.00, 8
591.00, 8
592.00, 8
593.00, 8
594.00, 8
595.00, 8
596.00, 8
597.00, 8
598.00, 8
599.00, 8
600.00, 8
601.00, 8
602.00, 8
603.00, 8
604.00, 8
605.00, 8
606.00, 8
607.00, 8
608.00, 8
609.00, 8
610.00, 8
611.00, 8
612.00, 8
613.00, 8
614.00, 8
615.00, 8
616.00, 8
617.00, 8
618.00, 8
619.00, 8
620.00, 8
621.00, 8
622.00, 8
623.00, 8
624.00, 8
625.00, 8
626.00, 8
627.00, 8
628.00, 8
629.00, 1
630.00, 1
631.00, 1
632.00, 1
633.00, 1
634.00, 1
635.00, 1
636.00, 1
637.00, 1
638.00, 1
639.00, 1
640.00, 1
641.00, 1
642.00, 1
643.00, 1
644.00, 1
645.00, 1
646.00, 1
647.00, 1
648.00, 1
649.00, 1
650.00, 1
651.00, 1
652.00, 1
653.00, 1
654.00, 1
655.00, 1
656.00, 8
657.00, 8
658.00, 8
659.00, 8
660.00, 8
661.00, 8
662.00, 8
663.00, 8
664.00, 8
665.00, 8
666.00, 8
667.00, 8
668.00, 8
669.00, 8
670.00, 8
671.00, 8
672.00, 8
673.00, 8
674.00, 8
675.00, 8
676.00, 8
677.00, 8
678.00, 8
679.00, 8
680.00, 8
681.00, 8
682.00, 8
683.00, 8
684.00, 8
685.00, 8
686.00, 8
687.00, 8
688.00, 8
689.00, 8
690.00, 8
691.00, 8
692.00, 8
693.00, 8
694.00, 8
695.00, 8
696.00, 8
697.00, 8
698.00, 4
699.00, 4
700.00, 4
701.00, 4
702.00, 4
703.00, 4
704.00, 4
705.00, 4
706.00, 4
707.00, 4
708.00, 4
709.00, 4
710.00, 4
711.00, 4
712.00, 4
713.00, 4
714.00, 4
715.00, 4
716.00, 4
717.00, 4
718.00, 4
719.00, 4
720.00, 4
721.00, 4
722.00, 4
723.00, 4
724.00, 8
725.00, 8
726.00, 8
727.00, 8
728.00, 8
729.00, 8
730.00, 8
731.00, 8
732.00, 8
733.00, 8
734.00, 8
735.00, 8
736.00, 8
737.00, 8
738.00, 8
739.00, 8
740.00, 8
741.00, 8
742.00, 8
743.00, 8
744.00, 8
745.00, 8
746.00, 8
747.00, 8
748.00, 8
749.00, 8
750.00, 8
751.00, 8
752.00, 8
753.00, 8
754.00, 8
755.00, 8
756.00, 8
757.00, 8
758.00, 8
759.00, 8
760.00, 8
761.00, 8
762.00, 8
763.00, 8
764.00, 8
765.00, 8
766.00, 8
767.00, 8
768.00, 8
769.00, 3
770.00, 3
771.00, 3
772.00, 3
773.00, 3
774.00, 3
775.00, 3
776.00, 3
777.00, 3
778.00, 3
779.00, 3
780.00, 3
781.00, 3
782.00, 3
783.00, 3
784.00, 3
785.00, 3
786.00, 3
787.00, 3
788.00, 4
789.00, 4
790.00, 4
791.00, 4
792.00, 4
793.00, 4
794.00, 4
795.00, 4
796.00, 4
797.00, 8
798.00, 8
799.00, 8
800.00, 8
801.00, 8
802.00, 8
803.00, 8
804.00, 8
805.00, 8
806.00, 8
807.00, 8
808.00, 8
809.00, 8
810.00, 8
811.00, 8
812.00, 8
813.00, 8
814.00, 8
815.00, 8
816.00, 8
817.00, 8
818.00, 8
819.00, 8
820.00, 8
821.00, 8
822.00, 8
823.00, 8
824.00, 8
825.00, 8
826.00, 8
827.00, 8
828.00, 8
829.00, 8
830.00, 8
831.00, 8
832.00, 8
833.00, 8
834.00, 8
835.00, 8
836.00, 8
837.00, 8
838.00, 8
839.00, 1
840.00, 1
841.00, 1
842.00, 1
843.00, 1
844.00, 1
845.00, 1
846.00, 1
847.00, 1
848.00, 1
849.00, 1
850.00, 1
851.00, 1
852.00, 1
853.00, 1
854.00, 4
855.00, 4
856.00, 4
857.00, 4
858.00, 4
859.00, 4
860.00, 4
861.00, 4
862.00, 4
863.00, 3
864.00, 3
865.00, 3
866.00, 3
867.00, 3
868.00, 3
869.00, 3
870.00, 3
871.00, 3
872.00, 3
873.00, 3
874.00, 3
875.00, 3
876.00, 3
877.00, 3
878.00, 3
879.00, 3
880.00, 3
881.00, 3
882.00, 3
883.00, 3
884.00, 3
885.00, 3
886.00, 3
887.00, 3
888.00, 3
889.00, 3
890.00, 3
891.00, 3
892.00, 3
893.00, 3
894.00, 4
895.00, 4
896.00, 4
897.00, 4
898.00, 4
899.00, 4
900.00, 4
901.00, 4
902.00, 2
903.00, 2
904.00, 2
905.00, 2
906.00, 2
907.00, 2
908.00, 2
909.00, 2
910.00, 5
911.00, 5
912.00, 5
913.00, 5
914.00, 5
915.00, 5
916.00, 5
917.00, 5
918.00, 5
919.00, 5
920.00, 5
921.00, 5
922.00, 5
923.00, 5
924.00, 5
925.00, 5
926.00, 5
927.00, 5
928.00, 5
929.00, 3
930.00, 3
931.00, 3
932.00, 3
933.00, 3
934.00, 3
935.00, 3
936.00, 3
937.00, 3
938.00, 3
939.00, 4
940.00, 4
941.00, 4
942.00, 4
943.00, 4
944.00, 4
945.00, 4
946.00, 4
947.00, 4
948.00, 4
949.00, 4
950.00, 4
951.00, 4
952.00, 4
953.00, 4
954.00, 4
955.00, 4
956.00, 4
957.00, 4
958.00, 4
959.00, 4
960.00, 4
961.00, 4
962.00, 4
963.00, 4
964.00, 4
965.00, 4
966.00, 6
967.00, 6
968.00, 6
969.00, 6
970.00, 6
971.00, 6
972.00, 6
973.00, 6
974.00, 6
975.00, 0
976.00, 0
977.00, 0
978.00, 0
979.00, 0
980.00, 0
981.00, 0
982.00, 0
983.00, 0
984.00, 0
985.00, 0
986.00, 0
987.00, 0
988.00, 0
989.00, 0
990.00, 0
991.00, 0
992.00, 0
993.00, 0
994.00, 0
995.00, 0
996.00, 0
997.00, 2
998.00, 2
999.00, 2