0.00, 6
1.00, 6
2.00, 6
3.00, 6
4.00, 6
5.00, 6
6.00, 0
7.00, 0
8.00, 0
9.00, 0
10.00, 0
11.00, 0
12.00, 0
13.00, 0
14.00, 0
15.00, 0
16.00, 0
17.00, 0
18.00, 0
19.00, 0
20.00, 0
21.00, 0
22.00, 0
23.00, 0
24.00, 0
25.00, 0
26.00, 0
27.00, 0
28.00, 0
29.00, 0
30.00, 0
31.00, 0
32.00, 0
33.00, 0
34.00, 5
35.00, 2
36.00, 2
37.00, 2
38.00, 2
39.00, 2
40.00, 2
41.00, 2
42.00, 2
43.00, 2
44.00, 2
45.00, 2
46.00, 2
47.00, 2
48.00, 2
49.00, 2
50.00, 2
51.00, 2
52.00, 2
53.00, 2
54.00, 2
55.00, 2
56.00, 2
57.00, 2
58.00, 2
59.00, 2
60.00, 2
61.00, 2
62.00, 2
63.00, 2
64.00, 2
65.00, 2
66.00, 2
67.00, 2
68.00, 2
69.00, 2
70.00, 4
71.00, 4
72.00, 4
73.00, 4
74.00, 4
75.00, 4
76.00, 4
77.00, 4
78.00, 4
79.00, 4
80.00, 4
81.00, 4
82.00, 4
83.00, 4
84.00, 4
85.00, 4
86.00, 4
87.00, 4
88.00, 4
89.00, 3
90.00, 3
91.00, 3
92.00, 3
93.00, 3
94.00, 3
95.00, 3
96.00, 3
97.00, 3
98.00, 3
99.00, 3
100.00, 3
101.00, 3
102.00, 3
103.00, 3
104.00, 3
105.00, 3
106.00, 3
107.00, 3
108.00, 3
109.00, 3
110.00, 3
111.00, 3
112.00, 3
113.00, 3
114.00, 3
115.00, 3
116.00, 3
117.00, 3
118.00, 3
119.00, 3
120.00, 3
121.00, 3
122.00, 3
123.00, 3
124.00, 3
125.00, 3
126.00, 3
127.00, 3
128.00, 3
129.00, 3
130.00, 3
131.00, 3
132.00, 3
133.00, 3
134.00, 3
135.00, 3
136.00, 3
137.00, 3
138.00, 3
139.00, 3
140.00, 4
141.00, 4
142.00, 4
143.00, 4
144.00, 4
145.00, 4
146.00, 4
147.00, 4
148.00, 4
149.00, 4
150.00, 8
151.00, 8
152.00, 8
153.00, 8
154.00, 8
155.00, 8
156.00, 8
157.00, 8
158.00, 8
159.00, 8
160.00, 8
161.00, 8
162.00, 8
163.00, 8
164.00, 8
165.00, 8
166.00, 8
167.00, 8
168.00, 8
169.00, 8
170.00, 8
171.00, 8
172.00, 8
173.00, 8
174.00, 8
175.00, 8
176.00, 8
177.00, 8
178.00, 8
179.00, 8
180.00, 8
181.00, 8
182.00, 8
183.00, 8
184.00, 8
185.00, 1
186.00, 1
187.00, 1
188.00, 1
189.00, 1
190.00, 1
191.00, 1
192.00, 1
193.00, 1
194.00, 4
195.00, 4
196.00, 4
197.00, 4
198.00, 4
199.00, 4
200.00, 4
201.00, 4
202.00, 4
203.00, 4
204.00, 4
205.00, 4
206.00, 4
207.00, 4
208.00, 4
209.00, 4
210.00, 4
211.00, 4
212.00, 4
213.00, 4
214.00, 4
215.00, 4
216.00, 4
217.00, 4
218.00, 4
219.00, 4
220.00, 4
221.00, 4
222.00, 4
223.00, 4
224.00, 4
225.00, 4
226.00, 4
227.00, 4
228.00, 4
229.00, 4
230.00, 4
231.00, 4
232.00, 4
233.00, 4
234.00, 4
235.00, 4
236.00, 4
237.00, 4
238.00, 4
239.00, 4
240.00, 4
241.00, 4
242.00, 4
243.00, 4
244.00, 4
245.00, 4
246.00, 4
247.00, 4
248.00, 6
249.00, 6
250.00, 6
251.00, 6
252.00, 6
253.00, 6
254.00, 6
255.00, 6
256.00, 6
257.00, 6
258.00, 6
259.00, 6
260.00, 6
261.00, 6
262.00, 6
263.00, 6
264.00, 6
265.00, 6
266.00, 6
267.00, 6
268.00, 6
269.00, 6
270.00, 6
271.00, 6
272.00, 6
273.00, 6
274.00, 6
275.00, 6
276.00, 6
277.00, 6
278.00, 6
279.00, 6
280.00, 6
281.00, 6
282.00, 6
283.00, 6
284.00, 7
285.00, 7
286.00, 7
287.00, 7
288.00, 7
289.00, 7
290.00, 7
291.00, 7
292.00, 7
293.00, 7
294.00, 7
295.00, 7
296.00, 7
297.00, 7
298.00, 7
299.00, 7
300.00, 7
301.00, 7
302.00, 7
303.00, 7
304.00, 7
305.00, 7
306.00, 7
307.00, 7
308.00, 7
309.00, 7
310.00, 7
311.00, 7
312.00, 7
313.00, 7
314.00, 7
315.00, 7
316.00, 7
317.00, 7
318.00, 7
319.00, 7
320.00, 7
321.00, 7
322.00, 7
323.00, 7
324.00, 7
325.00, 7
326.00, 7
327.00, 7
328.00, 7
329.00, 7
330.00, 7
331.00, 7
332.00, 7
333.00, 7
334.00, 7
335.00, 7
336.00, 7
337.00, 7
338.00, 7
339.00, 7
340.00, 7
341.00, 7
342.00, 7
343.00, 7
344.00, 7
345.00, 7
346.00, 7
347.00, 7
348.00, 7
349.00, 7
350.00, 7
351.00, 7
352.00, 7
353.00, 7
354.00, 7
355.00, 7
356.00, 7
357.00, 7
358.00, 7
359.00, 7
360.00, 7
361.00, 7
362.00, 7
363.00, 7
364.00, 7
365.00, 7
366.00, 7
367.00, 7
368.00, 7
369.00, 7
370.00, 7
371.00, 7
372.00, 7
373.00, 7
374.00, 7
375.00, 7
376.00, 7
377.00, 7
378.00, 7
379.00, 7
380.00, 7
381.00, 7
382.00, 7
383.00, 7
384.00, 7
385.00, 7
386.00, 7
387.00, 7
388.00, 7
389.00, 7
390.00, 7
391.00, 7
392.00, 7
393.00, 7
394.00, 7
395.00, 7
396.00, 7
397.00, 7
398.00, 7
399.00, 7
400.00, 7
401.00, 7
402.00, 7
403.00, 7
404.00, 0
405.00, 4
406.00, 4
407.00, 4
408.00, 4
409.00, 4
410.00, 4
411.00, 4
412.00, 4
413.00, 4
414.00, 0
415.00, 1
416.00, 1
417.00, 1
418.00, 1
419.00, 1
420.00, 1
421.00, 1
422.00, 1
423.00, 1
424.00, 1
425.00, 1
426.00, 1
427.00, 1
428.00, 1
429.00, 1
430.00, 1
431.00, 1
432.00, 1
433.00, 1
434.00, 1
435.00, 1
436.00, 1
437.00, 1
438.00, 1
439.00, 1
440.00, 1
441.00, 1
442.00, 1
443.00, 1
444.00, 1
445.00, 1
446.00, 1
447.00, 1
448.00, 1
449.00, 1
450.00, 1
451.00, 1
452.00, 1
453.00, 1
454.00, 1
455.00, 1
456.00, 1
457.00, 1
458.00, 1
459.00, 1
460.00, 1
461.00, 1
462.00, 1
463.00, 8
464.00, 8
465.00, 8
466.00, 8
467.00, 8
468.00, 8
469.00, 8
470.00, 8
471.00, 8
472.00, 8
473.00, 8
474.00, 8
475.00, 8
476.00, 8
477.00, 8
478.00, 8
479.00, 8
480.00, 8
481.00, 8
482.00, 8
483.00, 8
484.00, 8
485.00, 8
486.00, 8
487.00, 8
488.00, 8
489.00, 8
490.00, 8
491.00, 8
492.00, 8
493.00, 1
494.00, 1
495.00, 1
496.00, 1
497.00, 1
498.00, 1
499.00, 1
500.00, 1
501.00, 1
502.00, 1
503.00, 1
504.00, 1
505.00, 1
506.00, 1
507.00, 1
508.00, 1
509.00, 1
510.00, 1
511.00, 1
512.00, 1
513.00, 1
514.00, 1
515.00, 1
516.00, 1
517.00, 1
518.00, 1
519.00, 1
520.00, 1
521.00, 1
522.00, 1
523.00, 1
524.00, 8
525.00, 8
526.00, 8
527.00, 8
528.00, 8
529.00, 8
530.00, 8
531.00, 8
532.00, 8
533.00, 8
534.00, 8
535.00, 8
536.00, 8
537.00, 8
538.00, 8
539.00, 8
540.00, 8
541.00, 8
542.00, 8
543.00, 8
544.00, 8
545.00, 8
546.00, 8
547.00, 8
548.00, 8
549.00, 8
550.00, 8
551.00, 8
552.00, 3
553.00, 3
554.00, 3
555.00, 3
556.00, 3
557.00, 3
558.00, 3
559.00, 3
560.00, 3
561.00, 3
562.00, 3
563.00, 3
564.00, 3
565.00, 3
566.00, 3
567.00, 3
568.00, 3
569.00, 3
570.00, 3
571.00, 3
572.00, 3
573.00, 3
574.00, 3
575.00, 3
576.00, 3
577.00, 3
578.00, 5
579.00, 5
580.00, 5
581.00, 5
582.00, 5
583.00, 5
584.00, 5
585.00, 5
586.00, 5
587.00, 5
588.00, 5
589.00, 3
590.00, 3
591.00, 3
592.00, 3
593.00, 3
594.00, 3
595.00, 3
596.00, 3
597.00, 3
598.00, 3
599.00, 3
600.00, 3
601.00, 3
602.00, 3
603.00, 3
604.00, 3
605.00, 3
606.00, 3
607.00, 3
608.00, 3
609.00, 3
610.00, 3
611.00, 3
612.00, 3
613.00, 3
614.00, 3
615.00, 3
616.00, 3
617.00, 3
618.00, 3
619.00, 3
620.00, 3
621.00, 3
622.00, 3
623.00, 3
624.00, 3
625.00, 3
626.00, 3
627.00, 3
628.00, 3
629.00, 3
630.00, 3
631.00, 3
632.00, 3
633.00, 3
634.00, 3
635.00, 3
636.00, 3
637.00, 3
638.00, 3
639.00, 3
640.00, 3
641.00, 3
642.00, 3
643.00, 8
644.00, 8
645.00, 8
646.00, 8
647.00, 8
648.00, 8
649.00, 8
650.00, 8
651.00, 8
652.00, 8
653.00, 8
654.00, 8
655.00, 8
656.00, 8
657.00, 8
658.00, 8
659.00, 8
660.00, 8
661.00, 8
662.00, 8
663.00, 8
664.00, 8
665.00, 8
666.00, 8
667.00, 8
668.00, 8
669.00, 8
670.00, 8
671.00, 8
672.00, 8
673.00, 8
674.00, 8
675.00, 8
676.00, 8
677.00, 8
678.00, 8
679.00, 8
680.00, 8
681.00, 8
682.00, 8
683.00, 8
684.00, 8
685.00, 8
686.00, 8
687.00, 8
688.00, 8
689.00, 8
690.00, 8
691.00, 4
692.00, 4
693.00, 4
694.00, 4
695.00, 4
696.00, 4
697.00, 4
698.00, 4
699.00, 4
700.00, 4
701.00, 4
702.00, 4
703.00, 4
704.00, 4
705.00, 4
706.00, 4
707.00, 4
708.00, 4
709.00, 4
710.00, 4
711.00, 4
712.00, 8
713.00, 8
714.00, 8
715.00, 8
716.00, 8
717.00, 8
718.00, 8
719.00, 8
720.00, 8
721.00, 8
722.00, 8
723.00, 8
724.00, 8
725.00, 8
726.00, 8
727.00, 8
728.00, 8
729.00, 8
730.00, 8
731.00, 8
732.00, 8
733.00, 8
734.00, 8
735.00, 8
736.00, 8
737.00, 3
738.00, 3
739.00, 3
740.00, 3
741.00, 3
742.00, 3
743.00, 3
744.00, 3
745.00, 3
746.00, 3
747.00, 3
748.00, 3
749.00, 3
750.00, 3
751.00, 3
752.00, 3
753.00, 3
754.00, 3
755.00, 3
756.00, 3
757.00, 3
758.00, 3
759.00, 3
760.00, 3
761.00, 3
762.00, 3
763.00, 3
764.00, 3
765.00, 3
766.00, 3
767.00, 4
768.00, 4
769.00, 4
770.00, 4
771.00, 4
772.00, 4
773.00, 4
774.00, 4
775.00, 4
776.00, 4
777.00, 4
778.00, 4
779.00, 4
780.00, 4
781.00, 4
782.00, 4
783.00, 4
784.00, 4
785.00, 4
786.00, 4
787.00, 4
788.00, 4
789.00, 4
790.00, 4
791.00, 4
792.00, 4
793.00, 4
794.00, 4
795.00, 0
796.00, 1
797.00, 1
798.00, 1
799.00, 1
800.00, 1
801.00, 1
802.00, 1
803.00, 1
804.00, 1
805.00, 1
806.00, 1
807.00, 1
808.00, 1
809.00, 1
810.00, 1
811.00, 1
812.00, 1
813.00, 1
814.00, 1
815.00, 7
816.00, 7
817.00, 7
818.00, 7
819.00, 7
820.00, 7
821.00, 7
822.00, 7
823.00, 7
824.00, 7
825.00, 7
826.00, 7
827.00, 7
828.00, 7
829.00, 7
830.00, 7
831.00, 7
832.00, 7
833.00, 7
834.00, 7
835.00, 7
836.00, 7
837.00, 7
838.00, 7
839.00, 7
840.00, 7
841.00, 7
842.00, 7
843.00, 7
844.00, 7
845.00, 7
846.00, 1
847.00, 1
848.00, 1
849.00, 1
850.00, 1
851.00, 1
852.00, 1
853.00, 1
854.00, 1
855.00, 1
856.00, 1
857.00, 1
858.00, 1
859.00, 1
860.00, 1
861.00, 1
862.00, 1
863.00, 1
864.00, 1
865.00, 1
866.00, 1
867.00, 1
868.00, 1
869.00, 1
870.00, 1
871.00, 1
872.00, 1
873.00, 1
874.00, 1
875.00, 1
876.00, 1
877.00, 7
878.00, 7
879.00, 7
880.00, 7
881.00, 7
882.00, 7
883.00, 7
884.00, 7
885.00, 7
886.00, 6
887.00, 6
888.00, 6
889.00, 6
890.00, 6
891.00, 6
892.00, 6
893.00, 6
894.00, 6
895.00, 6
896.00, 6
897.00, 6
898.00, 6
899.00, 6
900.00, 6
901.00, 6
902.00, 6
903.00, 4
904.00, 4
905.00, 4
906.00, 4
907.00, 4
908.00, 4
909.00, 4
910.00, 4
911.00, 4
912.00, 4
913.00, 4
914.00, 4
915.00, 4
916.00, 4
917.00, 4
918.00, 4
919.00, 4
920.00, 4
921.00, 4
922.00, 4
923.00, 4
924.00, 4
925.00, 4
926.00, 4
927.00, 4
928.00, 4
929.00, 4
930.00, 4
931.00, 4
932.00, 4
933.00, 4
934.00, 6
935.00, 6
936.00, 6
937.00, 6
938.00, 6
939.00, 6
940.00, 6
941.00, 6
942.00, 6
943.00, 6
944.00, 6
945.00, 6
946.00, 6
947.00, 6
948.00, 6
949.00, 6
950.00, 6
951.00, 6
952.00, 6
953.00, 6
954.00, 6
955.00, 6
956.00, 6
957.00, 6
958.00, 6
959.00, 6
960.00, 6
961.00, 6
962.00, 6
963.00, 6
964.00, 6
965.00, 6
966.00, 6
967.00, 6
968.00, 0
969.00, 0
970.00, 0
971.00, 0
972.00, 0
973.00, 0
974.00, 0
975.00, 0
976.00, 0
977.00, 0
978.00, 0
979.00, 0
980.00, 0
981.00, 0
982.00, 0
983.00, 0
984.00, 0
985.00, 0
986.00, 0
987.00, 0
988.00, 0
989.00, 0
990.00, 0
991.00, 0
992.00, 0
993.00, 0
994.00, 0
995.00, 0
996.00, 0
997.00, 0
998.00, 0
999.00, 0