0.00, 3
1.00, 3
2.00, 3
3.00, 3
4.00, 3
5.00, 3
6.00, 3
7.00, 3
8.00, 3
9.00, 3
10.00, 3
11.00, 3
12.00, 3
13.00, 3
14.00, 3
15.00, 3
16.00, 3
17.00, 3
18.00, 3
19.00, 3
20.00, 3
21.00, 3
22.00, 3
23.00, 3
24.00, 3
25.00, 3
26.00, 3
27.00, 3
28.00, 3
29.00, 3
30.00, 3
31.00, 3
32.00, 3
33.00, 3
34.00, 3
35.00, 3
36.00, 3
37.00, 3
38.00, 3
39.00, 3
40.00, 3
41.00, 3
42.00, 3
43.00, 3
44.00, 3
45.00, 3
46.00, 3
47.00, 3
48.00, 3
49.00, 3
50.00, 3
51.00, 3
52.00, 3
53.00, 3
54.00, 3
55.00, 3
56.00, 3
57.00, 3
58.00, 3
59.00, 3
60.00, 3
61.00, 3
62.00, 3
63.00, 3
64.00, 3
65.00, 2
66.00, 2
67.00, 2
68.00, 2
69.00, 2
70.00, 2
71.00, 2
72.00, 2
73.00, 2
74.00, 2
75.00, 5
76.00, 5
77.00, 5
78.00, 5
79.00, 5
80.00, 5
81.00, 5
82.00, 5
83.00, 5
84.00, 5
85.00, 5
86.00, 5
87.00, 5
88.00, 5
89.00, 5
90.00, 5
91.00, 5
92.00, 5
93.00, 5
94.00, 5
95.00, 5
96.00, 5
97.00, 5
98.00, 5
99.00, 5
100.00, 5
101.00, 5
102.00, 5
103.00, 5
104.00, 5
105.00, 5
106.00, 5
107.00, 5
108.00, 5
109.00, 5
110.00, 5
111.00, 5
112.00, 5
113.00, 5
114.00, 3
115.00, 3
116.00, 3
117.00, 3
118.00, 3
119.00, 3
120.00, 3
121.00, 3
122.00, 3
123.00, 3
124.00, 3
125.00, 3
126.00, 3
127.00, 3
128.00, 3
129.00, 3
130.00, 3
131.00, 3
132.00, 3
133.00, 3
134.00, 3
135.00, 3
136.00, 3
137.00, 3
138.00, 5
139.00, 5
140.00, 5
141.00, 5
142.00, 5
143.00, 5
144.00, 5
145.00, 5
146.00, 5
147.00, 5
148.00, 5
149.00, 5
150.00, 5
151.00, 5
152.00, 5
153.00, 5
154.00, 5
155.00, 5
156.00, 5
157.00, 5
158.00, 5
159.00, 5
160.00, 5
161.00, 5
162.00, 5
163.00, 5
164.00, 5
165.00, 5
166.00, 5
167.00, 5
168.00, 5
169.00, 5
170.00, 5
171.00, 5
172.00, 5
173.00, 5
174.00, 5
175.00, 5
176.00, 5
177.00, 5
178.00, 5
179.00, 5
180.00, 5
181.00, 5
182.00, 5
183.00, 5
184.00, 5
185.00, 5
186.00, 5
187.00, 5
188.00, 5
189.00, 5
190.00, 5
191.00, 5
192.00, 5
193.00, 5
194.00, 5
195.00, 5
196.00, 5
197.00, 5
198.00, 5
199.00, 5
200.00, 5
201.00, 5
202.00, 5
203.00, 5
204.00, 5
205.00, 5
206.00, 5
207.00, 5
208.00, 5
209.00, 5
210.00, 5
211.00, 5
212.00, 5
213.00, 5
214.00, 5
215.00, 5
216.00, 5
217.00, 5
218.00, 5
219.00, 2
220.00, 2
221.00, 2
222.00, 2
223.00, 2
224.00, 2
225.00, 2
226.00, 2
227.00, 2
228.00, 2
229.00, 2
230.00, 2
231.00, 2
232.00, 2
233.00, 2
234.00, 2
235.00, 2
236.00, 2
237.00, 2
238.00, 2
239.00, 2
240.00, 2
241.00, 2
242.00, 2
243.00, 2
244.00, 2
245.00, 2
246.00, 2
247.00, 2
248.00, 5
249.00, 5
250.00, 5
251.00, 5
252.00, 5
253.00, 5
254.00, 5
255.00, 5
256.00, 5
257.00, 5
258.00, 5
259.00, 5
260.00, 5
261.00, 5
262.00, 5
263.00, 5
264.00, 5
265.00, 5
266.00, 5
267.00, 5
268.00, 5
269.00, 5
270.00, 5
271.00, 5
272.00, 5
273.00, 5
274.00, 3
275.00, 3
276.00, 3
277.00, 3
278.00, 3
279.00, 3
280.00, 3
281.00, 3
282.00, 3
283.00, 3
284.00, 3
285.00, 3
286.00, 3
287.00, 3
288.00, 3
289.00, 3
290.00, 3
291.00, 3
292.00, 3
293.00, 3
294.00, 3
295.00, 3
296.00, 3
297.00, 3
298.00, 3
299.00, 3
300.00, 3
301.00, 3
302.00, 3
303.00, 3
304.00, 3
305.00, 3
306.00, 3
307.00, 3
308.00, 3
309.00, 3
310.00, 3
311.00, 3
312.00, 5
313.00, 5
314.00, 5
315.00, 5
316.00, 5
317.00, 5
318.00, 5
319.00, 5
320.00, 5
321.00, 5
322.00, 5
323.00, 5
324.00, 5
325.00, 5
326.00, 5
327.00, 5
328.00, 5
329.00, 5
330.00, 5
331.00, 5
332.00, 5
333.00, 5
334.00, 5
335.00, 5
336.00, 5
337.00, 5
338.00, 5
339.00, 5
340.00, 5
341.00, 5
342.00, 5
343.00, 5
344.00, 5
345.00, 5
346.00, 5
347.00, 5
348.00, 5
349.00, 5
350.00, 5
351.00, 5
352.00, 5
353.00, 5
354.00, 5
355.00, 5
356.00, 5
357.00, 5
358.00, 5
359.00, 5
360.00, 5
361.00, 5
362.00, 5
363.00, 5
364.00, 5
365.00, 5
366.00, 5
367.00, 5
368.00, 5
369.00, 5
370.00, 5
371.00, 5
372.00, 5
373.00, 5
374.00, 5
375.00, 5
376.00, 5
377.00, 5
378.00, 5
379.00, 5
380.00, 5
381.00, 5
382.00, 2
383.00, 2
384.00, 2
385.00, 2
386.00, 2
387.00, 2
388.00, 2
389.00, 2
390.00, 2
391.00, 2
392.00, 2
393.00, 2
394.00, 2
395.00, 2
396.00, 2
397.00, 2
398.00, 2
399.00, 2
400.00, 2
401.00, 2
402.00, 2
403.00, 2
404.00, 2
405.00, 2
406.00, 2
407.00, 2
408.00, 2
409.00, 5
410.00, 5
411.00, 5
412.00, 5
413.00, 5
414.00, 5
415.00, 5
416.00, 5
417.00, 5
418.00, 5
419.00, 5
420.00, 5
421.00, 5
422.00, 5
423.00, 5
424.00, 5
425.00, 5
426.00, 5
427.00, 5
428.00, 5
429.00, 5
430.00, 5
431.00, 5
432.00, 5
433.00, 5
434.00, 5
435.00, 5
436.00, 5
437.00, 5
438.00, 5
439.00, 5
440.00, 5
441.00, 5
442.00, 5
443.00, 5
444.00, 5
445.00, 5
446.00, 5
447.00, 5
448.00, 5
449.00, 5
450.00, 5
451.00, 5
452.00, 5
453.00, 5
454.00, 5
455.00, 5
456.00, 5
457.00, 5
458.00, 5
459.00, 5
460.00, 5
461.00, 5
462.00, 5
463.00, 5
464.00, 5
465.00, 5
466.00, 5
467.00, 5
468.00, 5
469.00, 5
470.00, 5
471.00, 5
472.00, 5
473.00, 5
474.00, 5
475.00, 5
476.00, 5
477.00, 5
478.00, 5
479.00, 5
480.00, 5
481.00, 5
482.00, 5
483.00, 5
484.00, 5
485.00, 5
486.00, 5
487.00, 5
488.00, 5
489.00, 5
490.00, 5
491.00, 5
492.00, 5
493.00, 5
494.00, 5
495.00, 5
496.00, 5
497.00, 5
498.00, 5
499.00, 5
500.00, 5
501.00, 5
502.00, 5
503.00, 5
504.00, 5
505.00, 5
506.00, 5
507.00, 5
508.00, 5
509.00, 5
510.00, 5
511.00, 5
512.00, 5
513.00, 5
514.00, 5
515.00, 5
516.00, 5
517.00, 5
518.00, 5
519.00, 5
520.00, 5
521.00, 5
522.00, 5
523.00, 5
524.00, 5
525.00, 5
526.00, 5
527.00, 5
528.00, 5
529.00, 5
530.00, 5
531.00, 5
532.00, 5
533.00, 5
534.00, 5
535.00, 5
536.00, 5
537.00, 5
538.00, 5
539.00, 5
540.00, 5
541.00, 3
542.00, 3
543.00, 3
544.00, 3
545.00, 3
546.00, 3
547.00, 3
548.00, 3
549.00, 3
550.00, 3
551.00, 3
552.00, 3
553.00, 3
554.00, 3
555.00, 3
556.00, 3
557.00, 3
558.00, 3
559.00, 3
560.00, 3
561.00, 3
562.00, 3
563.00, 3
564.00, 3
565.00, 3
566.00, 3
567.00, 3
568.00, 3
569.00, 3
570.00, 3
571.00, 3
572.00, 3
573.00, 3
574.00, 3
575.00, 3
576.00, 3
577.00, 8
578.00, 8
579.00, 8
580.00, 8
581.00, 8
582.00, 8
583.00, 8
584.00, 8
585.00, 8
586.00, 8
587.00, 8
588.00, 8
589.00, 8
590.00, 8
591.00, 8
592.00, 8
593.00, 8
594.00, 8
595.00, 8
596.00, 8
597.00, 8
598.00, 8
599.00, 8
600.00, 8
601.00, 8
602.00, 8
603.00, 8
604.00, 8
605.00, 8
606.00, 8
607.00, 8
608.00, 8
609.00, 8
610.00, 8
611.00, 8
612.00, 8
613.00, 8
614.00, 8
615.00, 8
616.00, 8
617.00, 8
618.00, 8
619.00, 8
620.00, 8
621.00, 8
622.00, 1
623.00, 1
624.00, 1
625.00, 1
626.00, 1
627.00, 1
628.00, 1
629.00, 1
630.00, 1
631.00, 1
632.00, 1
633.00, 1
634.00, 1
635.00, 1
636.00, 1
637.00, 1
638.00, 1
639.00, 1
640.00, 1
641.00, 1
642.00, 1
643.00, 1
644.00, 1
645.00, 1
646.00, 1
647.00, 1
648.00, 1
649.00, 1
650.00, 1
651.00, 1
652.00, 1
653.00, 1
654.00, 1
655.00, 1
656.00, 1
657.00, 1
658.00, 1
659.00, 1
660.00, 1
661.00, 1
662.00, 1
663.00, 1
664.00, 1
665.00, 1
666.00, 1
667.00, 1
668.00, 1
669.00, 1
670.00, 1
671.00, 1
672.00, 1
673.00, 1
674.00, 1
675.00, 1
676.00, 1
677.00, 4
678.00, 4
679.00, 4
680.00, 4
681.00, 4
682.00, 4
683.00, 4
684.00, 4
685.00, 4
686.00, 4
687.00, 4
688.00, 4
689.00, 4
690.00, 4
691.00, 4
692.00, 4
693.00, 4
694.00, 4
695.00, 4
696.00, 4
697.00, 4
698.00, 4
699.00, 4
700.00, 4
701.00, 4
702.00, 4
703.00, 4
704.00, 4
705.00, 4
706.00, 3
707.00, 3
708.00, 3
709.00, 3
710.00, 3
711.00, 3
712.00, 3
713.00, 3
714.00, 3
715.00, 3
716.00, 3
717.00, 3
718.00, 3
719.00, 3
720.00, 3
721.00, 3
722.00, 3
723.00, 3
724.00, 3
725.00, 3
726.00, 3
727.00, 3
728.00, 3
729.00, 3
730.00, 3
731.00, 3
732.00, 3
733.00, 3
734.00, 3
735.00, 3
736.00, 3
737.00, 2
738.00, 2
739.00, 2
740.00, 2
741.00, 2
742.00, 2
743.00, 2
744.00, 2
745.00, 2
746.00, 2
747.00, 2
748.00, 2
749.00, 2
750.00, 2
751.00, 2
752.00, 2
753.00, 2
754.00, 2
755.00, 2
756.00, 2
757.00, 2
758.00, 2
759.00, 2
760.00, 2
761.00, 2
762.00, 2
763.00, 2
764.00, 2
765.00, 2
766.00, 2
767.00, 2
768.00, 2
769.00, 2
770.00, 2
771.00, 2
772.00, 2
773.00, 2
774.00, 2
775.00, 2
776.00, 2
777.00, 2
778.00, 2
779.00, 2
780.00, 2
781.00, 2
782.00, 2
783.00, 2
784.00, 2
785.00, 2
786.00, 2
787.00, 2
788.00, 2
789.00, 2
790.00, 2
791.00, 2
792.00, 2
793.00, 2
794.00, 2
795.00, 2
796.00, 2
797.00, 2
798.00, 2
799.00, 2
800.00, 2
801.00, 2
802.00, 2
803.00, 2
804.00, 2
805.00, 2
806.00, 2
807.00, 2
808.00, 2
809.00, 4
810.00, 4
811.00, 4
812.00, 4
813.00, 4
814.00, 4
815.00, 4
816.00, 4
817.00, 4
818.00, 4
819.00, 4
820.00, 4
821.00, 4
822.00, 4
823.00, 4
824.00, 4
825.00, 4
826.00, 4
827.00, 4
828.00, 4
829.00, 6
830.00, 6
831.00, 6
832.00, 6
833.00, 6
834.00, 6
835.00, 6
836.00, 6
837.00, 6
838.00, 6
839.00, 6
840.00, 6
841.00, 6
842.00, 6
843.00, 6
844.00, 6
845.00, 6
846.00, 6
847.00, 6
848.00, 6
849.00, 6
850.00, 6
851.00, 6
852.00, 6
853.00, 6
854.00, 6
855.00, 6
856.00, 6
857.00, 6
858.00, 6
859.00, 6
860.00, 6
861.00, 6
862.00, 6
863.00, 6
864.00, 6
865.00, 6
866.00, 6
867.00, 6
868.00, 6
869.00, 6
870.00, 6
871.00, 6
872.00, 6
873.00, 6
874.00, 6
875.00, 6
876.00, 6
877.00, 6
878.00, 6
879.00, 6
880.00, 6
881.00, 6
882.00, 6
883.00, 6
884.00, 6
885.00, 6
886.00, 6
887.00, 6
888.00, 6
889.00, 6
890.00, 6
891.00, 4
892.00, 4
893.00, 4
894.00, 4
895.00, 4
896.00, 4
897.00, 4
898.00, 4
899.00, 4
900.00, 4
901.00, 4
902.00, 4
903.00, 4
904.00, 4
905.00, 4
906.00, 4
907.00, 4
908.00, 4
909.00, 4
910.00, 4
911.00, 4
912.00, 4
913.00, 4
914.00, 4
915.00, 0
916.00, 1
917.00, 1
918.00, 1
919.00, 1
920.00, 1
921.00, 1
922.00, 1
923.00, 1
924.00, 1
925.00, 1
926.00, 1
927.00, 1
928.00, 1
929.00, 1
930.00, 1
931.00, 1
932.00, 1
933.00, 1
934.00, 1
935.00, 1
936.00, 1
937.00, 1
938.00, 1
939.00, 1
940.00, 1
941.00, 1
942.00, 1
943.00, 1
944.00, 7
945.00, 7
946.00, 7
947.00, 7
948.00, 7
949.00, 7
950.00, 7
951.00, 7
952.00, 7
953.00, 1
954.00, 4
955.00, 4
956.00, 4
957.00, 4
958.00, 4
959.00, 4
960.00, 4
961.00, 4
962.00, 4
963.00, 4
964.00, 4
965.00, 4
966.00, 4
967.00, 4
968.00, 4
969.00, 4
970.00, 4
971.00, 4
972.00, 4
973.00, 4
974.00, 4
975.00, 4
976.00, 4
977.00, 4
978.00, 4
979.00, 4
980.00, 4
981.00, 4
982.00, 4
983.00, 8
984.00, 8
985.00, 8
986.00, 8
987.00, 8
988.00, 8
989.00, 8
990.00, 8
991.00, 8
992.00, 8
993.00, 8
994.00, 8
995.00, 8
996.00, 8
997.00, 8
998.00, 8
999.00, 8