0.00, 7
1.00, 7
2.00, 7
3.00, 7
4.00, 7
5.00, 7
6.00, 7
7.00, 7
8.00, 7
9.00, 7
10.00, 7
11.00, 7
12.00, 7
13.00, 7
14.00, 7
15.00, 7
16.00, 7
17.00, 7
18.00, 7
19.00, 7
20.00, 7
21.00, 7
22.00, 7
23.00, 7
24.00, 7
25.00, 7
26.00, 7
27.00, 7
28.00, 7
29.00, 7
30.00, 7
31.00, 7
32.00, 7
33.00, 1
34.00, 1
35.00, 1
36.00, 1
37.00, 1
38.00, 1
39.00, 1
40.00, 1
41.00, 1
42.00, 1
43.00, 1
44.00, 1
45.00, 1
46.00, 1
47.00, 1
48.00, 1
49.00, 1
50.00, 1
51.00, 1
52.00, 1
53.00, 1
54.00, 1
55.00, 1
56.00, 1
57.00, 1
58.00, 1
59.00, 1
60.00, 1
61.00, 1
62.00, 1
63.00, 1
64.00, 1
65.00, 1
66.00, 1
67.00, 1
68.00, 1
69.00, 1
70.00, 1
71.00, 1
72.00, 1
73.00, 1
74.00, 1
75.00, 1
76.00, 1
77.00, 8
78.00, 8
79.00, 8
80.00, 8
81.00, 8
82.00, 8
83.00, 8
84.00, 8
85.00, 8
86.00, 8
87.00, 8
88.00, 8
89.00, 8
90.00, 8
91.00, 8
92.00, 8
93.00, 8
94.00, 8
95.00, 8
96.00, 8
97.00, 8
98.00, 8
99.00, 8
100.00, 8
101.00, 8
102.00, 8
103.00, 8
104.00, 8
105.00, 8
106.00, 8
107.00, 8
108.00, 8
109.00, 8
110.00, 8
111.00, 8
112.00, 8
113.00, 8
114.00, 8
115.00, 8
116.00, 8
117.00, 8
118.00, 8
119.00, 8
120.00, 8
121.00, 8
122.00, 8
123.00, 8
124.00, 8
125.00, 8
126.00, 8
127.00, 8
128.00, 8
129.00, 8
130.00, 8
131.00, 8
132.00, 8
133.00, 8
134.00, 8
135.00, 8
136.00, 8
137.00, 8
138.00, 8
139.00, 8
140.00, 8
141.00, 8
142.00, 8
143.00, 8
144.00, 8
145.00, 8
146.00, 8
147.00, 8
148.00, 8
149.00, 8
150.00, 8
151.00, 8
152.00, 8
153.00, 8
154.00, 8
155.00, 8
156.00, 8
157.00, 8
158.00, 8
159.00, 8
160.00, 8
161.00, 8
162.00, 8
163.00, 8
164.00, 8
165.00, 8
166.00, 8
167.00, 8
168.00, 8
169.00, 8
170.00, 8
171.00, 4
172.00, 4
173.00, 4
174.00, 4
175.00, 4
176.00, 4
177.00, 4
178.00, 4
179.00, 4
180.00, 4
181.00, 4
182.00, 8
183.00, 8
184.00, 8
185.00, 8
186.00, 8
187.00, 8
188.00, 8
189.00, 8
190.00, 8
191.00, 8
192.00, 8
193.00, 8
194.00, 8
195.00, 8
196.00, 8
197.00, 8
198.00, 8
199.00, 8
200.00, 8
201.00, 8
202.00, 8
203.00, 8
204.00, 1
205.00, 1
206.00, 1
207.00, 1
208.00, 1
209.00, 1
210.00, 1
211.00, 1
212.00, 1
213.00, 1
214.00, 1
215.00, 1
216.00, 1
217.00, 1
218.00, 1
219.00, 1
220.00, 1
221.00, 1
222.00, 1
223.00, 3
224.00, 3
225.00, 3
226.00, 3
227.00, 3
228.00, 3
229.00, 3
230.00, 3
231.00, 3
232.00, 3
233.00, 3
234.00, 3
235.00, 3
236.00, 3
237.00, 3
238.00, 3
239.00, 3
240.00, 3
241.00, 3
242.00, 3
243.00, 3
244.00, 3
245.00, 3
246.00, 3
247.00, 3
248.00, 3
249.00, 3
250.00, 3
251.00, 3
252.00, 3
253.00, 3
254.00, 3
255.00, 3
256.00, 3
257.00, 3
258.00, 3
259.00, 3
260.00, 3
261.00, 3
262.00, 3
263.00, 3
264.00, 3
265.00, 3
266.00, 3
267.00, 3
268.00, 3
269.00, 3
270.00, 3
271.00, 3
272.00, 3
273.00, 3
274.00, 3
275.00, 3
276.00, 3
277.00, 3
278.00, 3
279.00, 3
280.00, 3
281.00, 3
282.00, 3
283.00, 3
284.00, 3
285.00, 3
286.00, 3
287.00, 3
288.00, 3
289.00, 3
290.00, 3
291.00, 3
292.00, 3
293.00, 3
294.00, 3
295.00, 3
296.00, 3
297.00, 8
298.00, 8
299.00, 8
300.00, 8
301.00, 8
302.00, 8
303.00, 8
304.00, 8
305.00, 8
306.00, 8
307.00, 8
308.00, 8
309.00, 8
310.00, 8
311.00, 8
312.00, 8
313.00, 8
314.00, 8
315.00, 8
316.00, 8
317.00, 8
318.00, 8
319.00, 8
320.00, 8
321.00, 8
322.00, 8
323.00, 8
324.00, 8
325.00, 8
326.00, 8
327.00, 8
328.00, 8
329.00, 8
330.00, 8
331.00, 8
332.00, 8
333.00, 8
334.00, 8
335.00, 8
336.00, 8
337.00, 8
338.00, 8
339.00, 8
340.00, 1
341.00, 1
342.00, 1
343.00, 1
344.00, 1
345.00, 1
346.00, 1
347.00, 1
348.00, 1
349.00, 1
350.00, 1
351.00, 1
352.00, 1
353.00, 1
354.00, 1
355.00, 1
356.00, 1
357.00, 1
358.00, 1
359.00, 1
360.00, 1
361.00, 1
362.00, 1
363.00, 1
364.00, 1
365.00, 1
366.00, 1
367.00, 1
368.00, 1
369.00, 7
370.00, 7
371.00, 7
372.00, 7
373.00, 7
374.00, 7
375.00, 7
376.00, 7
377.00, 7
378.00, 7
379.00, 7
380.00, 7
381.00, 7
382.00, 7
383.00, 7
384.00, 7
385.00, 7
386.00, 7
387.00, 7
388.00, 7
389.00, 7
390.00, 7
391.00, 7
392.00, 7
393.00, 7
394.00, 7
395.00, 7
396.00, 7
397.00, 7
398.00, 7
399.00, 7
400.00, 7
401.00, 7
402.00, 7
403.00, 7
404.00, 7
405.00, 7
406.00, 7
407.00, 7
408.00, 7
409.00, 7
410.00, 7
411.00, 7
412.00, 7
413.00, 7
414.00, 7
415.00, 7
416.00, 7
417.00, 7
418.00, 7
419.00, 7
420.00, 7
421.00, 7
422.00, 7
423.00, 7
424.00, 7
425.00, 7
426.00, 7
427.00, 7
428.00, 7
429.00, 7
430.00, 7
431.00, 7
432.00, 7
433.00, 7
434.00, 7
435.00, 7
436.00, 7
437.00, 7
438.00, 7
439.00, 7
440.00, 7
441.00, 7
442.00, 7
443.00, 7
444.00, 7
445.00, 7
446.00, 7
447.00, 7
448.00, 7
449.00, 7
450.00, 7
451.00, 7
452.00, 7
453.00, 7
454.00, 7
455.00, 7
456.00, 7
457.00, 7
458.00, 7
459.00, 7
460.00, 7
461.00, 7
462.00, 7
463.00, 7
464.00, 7
465.00, 7
466.00, 7
467.00, 7
468.00, 7
469.00, 7
470.00, 7
471.00, 7
472.00, 7
473.00, 7
474.00, 7
475.00, 7
476.00, 7
477.00, 7
478.00, 7
479.00, 7
480.00, 7
481.00, 7
482.00, 1
483.00, 1
484.00, 1
485.00, 1
486.00, 1
487.00, 1
488.00, 1
489.00, 1
490.00, 1
491.00, 1
492.00, 1
493.00, 1
494.00, 1
495.00, 1
496.00, 1
497.00, 1
498.00, 1
499.00, 1
500.00, 1
501.00, 1
502.00, 1
503.00, 1
504.00, 1
505.00, 1
506.00, 1
507.00, 1
508.00, 1
509.00, 1
510.00, 1
511.00, 1
512.00, 1
513.00, 1
514.00, 1
515.00, 8
516.00, 8
517.00, 8
518.00, 8
519.00, 8
520.00, 8
521.00, 8
522.00, 8
523.00, 8
524.00, 8
525.00, 8
526.00, 8
527.00, 8
528.00, 8
529.00, 8
530.00, 8
531.00, 8
532.00, 8
533.00, 8
534.00, 8
535.00, 8
536.00, 8
537.00, 8
538.00, 8
539.00, 8
540.00, 8
541.00, 8
542.00, 8
543.00, 8
544.00, 8
545.00, 8
546.00, 8
547.00, 8
548.00, 8
549.00, 8
550.00, 8
551.00, 8
552.00, 8
553.00, 8
554.00, 8
555.00, 8
556.00, 8
557.00, 8
558.00, 8
559.00, 8
560.00, 8
561.00, 8
562.00, 8
563.00, 8
564.00, 8
565.00, 8
566.00, 8
567.00, 8
568.00, 8
569.00, 8
570.00, 8
571.00, 8
572.00, 8
573.00, 8
574.00, 8
575.00, 8
576.00, 8
577.00, 8
578.00, 8
579.00, 8
580.00, 8
581.00, 8
582.00, 8
583.00, 8
584.00, 8
585.00, 8
586.00, 8
587.00, 8
588.00, 8
589.00, 8
590.00, 8
591.00, 8
592.00, 8
593.00, 8
594.00, 8
595.00, 8
596.00, 8
597.00, 8
598.00, 8
599.00, 8
600.00, 8
601.00, 8
602.00, 8
603.00, 8
604.00, 8
605.00, 8
606.00, 8
607.00, 8
608.00, 8
609.00, 8
610.00, 8
611.00, 8
612.00, 8
613.00, 8
614.00, 8
615.00, 8
616.00, 8
617.00, 8
618.00, 8
619.00, 8
620.00, 8
621.00, 8
622.00, 8
623.00, 8
624.00, 8
625.00, 8
626.00, 8
627.00, 8
628.00, 8
629.00, 8
630.00, 8
631.00, 8
632.00, 8
633.00, 8
634.00, 8
635.00, 8
636.00, 8
637.00, 8
638.00, 8
639.00, 8
640.00, 8
641.00, 8
642.00, 8
643.00, 4
644.00, 4
645.00, 4
646.00, 4
647.00, 4
648.00, 4
649.00, 4
650.00, 4
651.00, 4
652.00, 1
653.00, 1
654.00, 1
655.00, 1
656.00, 1
657.00, 1
658.00, 1
659.00, 1
660.00, 1
661.00, 1
662.00, 1
663.00, 1
664.00, 1
665.00, 1
666.00, 1
667.00, 1
668.00, 1
669.00, 1
670.00, 1
671.00, 1
672.00, 1
673.00, 1
674.00, 1
675.00, 1
676.00, 1
677.00, 1
678.00, 1
679.00, 7
680.00, 7
681.00, 7
682.00, 7
683.00, 7
684.00, 7
685.00, 7
686.00, 7
687.00, 7
688.00, 7
689.00, 7
690.00, 7
691.00, 7
692.00, 7
693.00, 7
694.00, 7
695.00, 7
696.00, 7
697.00, 7
698.00, 7
699.00, 7
700.00, 7
701.00, 7
702.00, 7
703.00, 7
704.00, 7
705.00, 7
706.00, 7
707.00, 1
708.00, 4
709.00, 4
710.00, 4
711.00, 4
712.00, 4
713.00, 4
714.00, 4
715.00, 4
716.00, 4
717.00, 4
718.00, 4
719.00, 4
720.00, 4
721.00, 4
722.00, 4
723.00, 4
724.00, 4
725.00, 4
726.00, 4
727.00, 4
728.00, 4
729.00, 4
730.00, 4
731.00, 4
732.00, 4
733.00, 4
734.00, 4
735.00, 4
736.00, 4
737.00, 4
738.00, 4
739.00, 4
740.00, 4
741.00, 4
742.00, 4
743.00, 4
744.00, 4
745.00, 4
746.00, 4
747.00, 4
748.00, 4
749.00, 4
750.00, 4
751.00, 4
752.00, 4
753.00, 4
754.00, 4
755.00, 4
756.00, 4
757.00, 3
758.00, 3
759.00, 3
760.00, 3
761.00, 3
762.00, 3
763.00, 3
764.00, 3
765.00, 3
766.00, 3
767.00, 3
768.00, 3
769.00, 3
770.00, 3
771.00, 3
772.00, 3
773.00, 3
774.00, 3
775.00, 3
776.00, 3
777.00, 3
778.00, 3
779.00, 3
780.00, 3
781.00, 3
782.00, 3
783.00, 3
784.00, 3
785.00, 3
786.00, 3
787.00, 3
788.00, 3
789.00, 3
790.00, 3
791.00, 3
792.00, 3
793.00, 3
794.00, 3
795.00, 3
796.00, 4
797.00, 4
798.00, 4
799.00, 4
800.00, 4
801.00, 4
802.00, 4
803.00, 4
804.00, 4
805.00, 4
806.00, 4
807.00, 4
808.00, 4
809.00, 4
810.00, 4
811.00, 4
812.00, 4
813.00, 4
814.00, 4
815.00, 4
816.00, 4
817.00, 4
818.00, 4
819.00, 4
820.00, 4
821.00, 4
822.00, 4
823.00, 4
824.00, 4
825.00, 4
826.00, 4
827.00, 4
828.00, 4
829.00, 4
830.00, 4
831.00, 4
832.00, 4
833.00, 4
834.00, 4
835.00, 4
836.00, 4
837.00, 4
838.00, 4
839.00, 4
840.00, 4
841.00, 4
842.00, 4
843.00, 4
844.00, 4
845.00, 4
846.00, 4
847.00, 4
848.00, 4
849.00, 4
850.00, 4
851.00, 4
852.00, 1
853.00, 1
854.00, 1
855.00, 1
856.00, 1
857.00, 1
858.00, 1
859.00, 1
860.00, 1
861.00, 1
862.00, 1
863.00, 1
864.00, 1
865.00, 1
866.00, 1
867.00, 1
868.00, 1
869.00, 1
870.00, 1
871.00, 1
872.00, 1
873.00, 1
874.00, 1
875.00, 1
876.00, 1
877.00, 1
878.00, 7
879.00, 7
880.00, 7
881.00, 7
882.00, 7
883.00, 7
884.00, 7
885.00, 7
886.00, 7
887.00, 7
888.00, 7
889.00, 7
890.00, 7
891.00, 7
892.00, 7
893.00, 7
894.00, 7
895.00, 7
896.00, 7
897.00, 7
898.00, 7
899.00, 7
900.00, 7
901.00, 7
902.00, 7
903.00, 7
904.00, 7
905.00, 7
906.00, 7
907.00, 7
908.00, 7
909.00, 7
910.00, 7
911.00, 7
912.00, 7
913.00, 7
914.00, 7
915.00, 7
916.00, 7
917.00, 7
918.00, 7
919.00, 7
920.00, 7
921.00, 7
922.00, 7
923.00, 7
924.00, 7
925.00, 7
926.00, 7
927.00, 7
928.00, 7
929.00, 7
930.00, 7
931.00, 7
932.00, 7
933.00, 7
934.00, 7
935.00, 7
936.00, 7
937.00, 7
938.00, 7
939.00, 7
940.00, 7
941.00, 7
942.00, 7
943.00, 7
944.00, 7
945.00, 7
946.00, 7
947.00, 7
948.00, 7
949.00, 7
950.00, 7
951.00, 7
952.00, 7
953.00, 7
954.00, 1
955.00, 1
956.00, 1
957.00, 1
958.00, 1
959.00, 1
960.00, 1
961.00, 1
962.00, 1
963.00, 1
964.00, 1
965.00, 1
966.00, 1
967.00, 1
968.00, 1
969.00, 1
970.00, 1
971.00, 1
972.00, 1
973.00, 1
974.00, 1
975.00, 1
976.00, 1
977.00, 1
978.00, 1
979.00, 1
980.00, 1
981.00, 1
982.00, 1
983.00, 1
984.00, 1
985.00, 1
986.00, 1
987.00, 1
988.00, 1
989.00, 1
990.00, 1
991.00, 1
992.00, 1
993.00, 1
994.00, 1
995.00, 1
996.00, 1
997.00, 1
998.00, 1
999.00, 1