0.00, 4
1.00, 4
2.00, 4
3.00, 4
4.00, 4
5.00, 4
6.00, 4
7.00, 8
8.00, 8
9.00, 8
10.00, 8
11.00, 8
12.00, 8
13.00, 8
14.00, 8
15.00, 8
16.00, 8
17.00, 8
18.00, 8
19.00, 8
20.00, 8
21.00, 8
22.00, 8
23.00, 8
24.00, 8
25.00, 8
26.00, 8
27.00, 8
28.00, 8
29.00, 8
30.00, 3
31.00, 3
32.00, 3
33.00, 3
34.00, 3
35.00, 3
36.00, 3
37.00, 3
38.00, 3
39.00, 3
40.00, 3
41.00, 3
42.00, 3
43.00, 3
44.00, 3
45.00, 3
46.00, 3
47.00, 3
48.00, 3
49.00, 3
50.00, 3
51.00, 3
52.00, 3
53.00, 3
54.00, 3
55.00, 3
56.00, 3
57.00, 3
58.00, 3
59.00, 3
60.00, 3
61.00, 3
62.00, 3
63.00, 4
64.00, 4
65.00, 4
66.00, 4
67.00, 4
68.00, 4
69.00, 4
70.00, 4
71.00, 4
72.00, 4
73.00, 4
74.00, 4
75.00, 4
76.00, 4
77.00, 4
78.00, 4
79.00, 8
80.00, 8
81.00, 8
82.00, 8
83.00, 8
84.00, 8
85.00, 8
86.00, 8
87.00, 8
88.00, 8
89.00, 8
90.00, 8
91.00, 8
92.00, 8
93.00, 8
94.00, 8
95.00, 8
96.00, 8
97.00, 8
98.00, 8
99.00, 8
100.00, 8
101.00, 8
102.00, 8
103.00, 8
104.00, 8
105.00, 8
106.00, 8
107.00, 8
108.00, 8
109.00, 8
110.00, 8
111.00, 8
112.00, 8
113.00, 8
114.00, 8
115.00, 8
116.00, 1
117.00, 1
118.00, 1
119.00, 1
120.00, 1
121.00, 1
122.00, 1
123.00, 1
124.00, 1
125.00, 1
126.00, 1
127.00, 1
128.00, 1
129.00, 1
130.00, 1
131.00, 1
132.00, 1
133.00, 1
134.00, 1
135.00, 1
136.00, 1
137.00, 1
138.00, 1
139.00, 1
140.00, 1
141.00, 1
142.00, 7
143.00, 7
144.00, 7
145.00, 7
146.00, 7
147.00, 7
148.00, 7
149.00, 7
150.00, 7
151.00, 7
152.00, 7
153.00, 7
154.00, 7
155.00, 7
156.00, 7
157.00, 7
158.00, 7
159.00, 7
160.00, 7
161.00, 7
162.00, 7
163.00, 7
164.00, 7
165.00, 7
166.00, 7
167.00, 7
168.00, 7
169.00, 7
170.00, 7
171.00, 7
172.00, 7
173.00, 7
174.00, 7
175.00, 7
176.00, 7
177.00, 7
178.00, 7
179.00, 7
180.00, 7
181.00, 7
182.00, 7
183.00, 7
184.00, 7
185.00, 7
186.00, 7
187.00, 7
188.00, 7
189.00, 7
190.00, 7
191.00, 7
192.00, 7
193.00, 7
194.00, 7
195.00, 7
196.00, 7
197.00, 7
198.00, 7
199.00, 7
200.00, 7
201.00, 7
202.00, 7
203.00, 7
204.00, 7
205.00, 7
206.00, 7
207.00, 7
208.00, 7
209.00, 7
210.00, 7
211.00, 7
212.00, 7
213.00, 7
214.00, 7
215.00, 7
216.00, 7
217.00, 7
218.00, 7
219.00, 7
220.00, 7
221.00, 7
222.00, 7
223.00, 7
224.00, 7
225.00, 7
226.00, 7
227.00, 7
228.00, 7
229.00, 7
230.00, 7
231.00, 7
232.00, 7
233.00, 7
234.00, 7
235.00, 7
236.00, 7
237.00, 7
238.00, 7
239.00, 7
240.00, 7
241.00, 7
242.00, 7
243.00, 7
244.00, 7
245.00, 7
246.00, 7
247.00, 7
248.00, 7
249.00, 7
250.00, 7
251.00, 7
252.00, 7
253.00, 7
254.00, 7
255.00, 7
256.00, 7
257.00, 7
258.00, 7
259.00, 7
260.00, 7
261.00, 7
262.00, 7
263.00, 7
264.00, 7
265.00, 7
266.00, 7
267.00, 7
268.00, 7
269.00, 7
270.00, 7
271.00, 7
272.00, 7
273.00, 7
274.00, 7
275.00, 7
276.00, 7
277.00, 7
278.00, 7
279.00, 7
280.00, 7
281.00, 7
282.00, 7
283.00, 7
284.00, 7
285.00, 7
286.00, 7
287.00, 7
288.00, 7
289.00, 7
290.00, 7
291.00, 7
292.00, 6
293.00, 6
294.00, 6
295.00, 6
296.00, 6
297.00, 6
298.00, 6
299.00, 6
300.00, 6
301.00, 6
302.00, 4
303.00, 4
304.00, 4
305.00, 4
306.00, 4
307.00, 4
308.00, 4
309.00, 4
310.00, 4
311.00, 4
312.00, 4
313.00, 4
314.00, 4
315.00, 4
316.00, 4
317.00, 4
318.00, 4
319.00, 4
320.00, 4
321.00, 4
322.00, 4
323.00, 4
324.00, 4
325.00, 4
326.00, 4
327.00, 4
328.00, 4
329.00, 3
330.00, 3
331.00, 3
332.00, 3
333.00, 3
334.00, 3
335.00, 3
336.00, 3
337.00, 3
338.00, 3
339.00, 3
340.00, 3
341.00, 3
342.00, 3
343.00, 3
344.00, 3
345.00, 3
346.00, 8
347.00, 8
348.00, 8
349.00, 8
350.00, 8
351.00, 8
352.00, 8
353.00, 8
354.00, 8
355.00, 8
356.00, 8
357.00, 8
358.00, 8
359.00, 8
360.00, 8
361.00, 8
362.00, 8
363.00, 8
364.00, 8
365.00, 8
366.00, 4
367.00, 4
368.00, 4
369.00, 4
370.00, 4
371.00, 4
372.00, 4
373.00, 4
374.00, 4
375.00, 4
376.00, 4
377.00, 4
378.00, 4
379.00, 4
380.00, 4
381.00, 4
382.00, 4
383.00, 4
384.00, 4
385.00, 4
386.00, 4
387.00, 4
388.00, 4
389.00, 4
390.00, 4
391.00, 4
392.00, 4
393.00, 4
394.00, 4
395.00, 4
396.00, 4
397.00, 4
398.00, 4
399.00, 4
400.00, 4
401.00, 4
402.00, 4
403.00, 4
404.00, 4
405.00, 4
406.00, 4
407.00, 4
408.00, 4
409.00, 1
410.00, 1
411.00, 1
412.00, 1
413.00, 1
414.00, 1
415.00, 1
416.00, 1
417.00, 1
418.00, 1
419.00, 1
420.00, 1
421.00, 1
422.00, 1
423.00, 1
424.00, 1
425.00, 1
426.00, 8
427.00, 8
428.00, 8
429.00, 8
430.00, 8
431.00, 8
432.00, 8
433.00, 8
434.00, 8
435.00, 8
436.00, 8
437.00, 8
438.00, 8
439.00, 8
440.00, 8
441.00, 8
442.00, 8
443.00, 8
444.00, 8
445.00, 8
446.00, 8
447.00, 8
448.00, 8
449.00, 8
450.00, 8
451.00, 8
452.00, 8
453.00, 8
454.00, 8
455.00, 8
456.00, 8
457.00, 8
458.00, 8
459.00, 8
460.00, 8
461.00, 8
462.00, 8
463.00, 8
464.00, 8
465.00, 8
466.00, 8
467.00, 8
468.00, 8
469.00, 8
470.00, 8
471.00, 8
472.00, 8
473.00, 8
474.00, 8
475.00, 8
476.00, 8
477.00, 8
478.00, 8
479.00, 8
480.00, 8
481.00, 8
482.00, 8
483.00, 3
484.00, 3
485.00, 3
486.00, 3
487.00, 3
488.00, 3
489.00, 3
490.00, 3
491.00, 3
492.00, 3
493.00, 3
494.00, 3
495.00, 3
496.00, 3
497.00, 3
498.00, 3
499.00, 3
500.00, 3
501.00, 3
502.00, 3
503.00, 3
504.00, 3
505.00, 3
506.00, 3
507.00, 3
508.00, 3
509.00, 3
510.00, 3
511.00, 4
512.00, 4
513.00, 4
514.00, 4
515.00, 4
516.00, 4
517.00, 4
518.00, 4
519.00, 4
520.00, 4
521.00, 4
522.00, 4
523.00, 4
524.00, 4
525.00, 4
526.00, 4
527.00, 8
528.00, 8
529.00, 8
530.00, 8
531.00, 8
532.00, 8
533.00, 8
534.00, 8
535.00, 8
536.00, 8
537.00, 8
538.00, 8
539.00, 8
540.00, 8
541.00, 8
542.00, 8
543.00, 8
544.00, 8
545.00, 8
546.00, 8
547.00, 8
548.00, 8
549.00, 8
550.00, 8
551.00, 8
552.00, 8
553.00, 8
554.00, 8
555.00, 8
556.00, 8
557.00, 8
558.00, 8
559.00, 8
560.00, 8
561.00, 8
562.00, 8
563.00, 8
564.00, 8
565.00, 8
566.00, 8
567.00, 8
568.00, 8
569.00, 8
570.00, 8
571.00, 8
572.00, 8
573.00, 8
574.00, 4
575.00, 4
576.00, 4
577.00, 4
578.00, 4
579.00, 4
580.00, 4
581.00, 4
582.00, 1
583.00, 1
584.00, 1
585.00, 1
586.00, 1
587.00, 1
588.00, 1
589.00, 1
590.00, 1
591.00, 1
592.00, 1
593.00, 1
594.00, 1
595.00, 1
596.00, 1
597.00, 1
598.00, 1
599.00, 1
600.00, 1
601.00, 1
602.00, 1
603.00, 1
604.00, 7
605.00, 7
606.00, 7
607.00, 7
608.00, 7
609.00, 7
610.00, 7
611.00, 7
612.00, 7
613.00, 7
614.00, 7
615.00, 7
616.00, 7
617.00, 7
618.00, 7
619.00, 7
620.00, 7
621.00, 7
622.00, 7
623.00, 7
624.00, 7
625.00, 7
626.00, 7
627.00, 7
628.00, 7
629.00, 7
630.00, 7
631.00, 7
632.00, 7
633.00, 7
634.00, 7
635.00, 7
636.00, 7
637.00, 1
638.00, 1
639.00, 1
640.00, 1
641.00, 1
642.00, 1
643.00, 1
644.00, 1
645.00, 1
646.00, 1
647.00, 1
648.00, 1
649.00, 1
650.00, 1
651.00, 1
652.00, 1
653.00, 1
654.00, 1
655.00, 1
656.00, 1
657.00, 1
658.00, 1
659.00, 1
660.00, 1
661.00, 1
662.00, 1
663.00, 1
664.00, 1
665.00, 1
666.00, 1
667.00, 1
668.00, 1
669.00, 1
670.00, 1
671.00, 1
672.00, 1
673.00, 7
674.00, 7
675.00, 7
676.00, 7
677.00, 7
678.00, 7
679.00, 7
680.00, 7
681.00, 7
682.00, 7
683.00, 6
684.00, 6
685.00, 6
686.00, 6
687.00, 6
688.00, 6
689.00, 6
690.00, 6
691.00, 6
692.00, 6
693.00, 6
694.00, 6
695.00, 6
696.00, 6
697.00, 6
698.00, 6
699.00, 6
700.00, 6
701.00, 6
702.00, 6
703.00, 6
704.00, 6
705.00, 6
706.00, 6
707.00, 6
708.00, 6
709.00, 6
710.00, 6
711.00, 6
712.00, 6
713.00, 6
714.00, 6
715.00, 6
716.00, 6
717.00, 6
718.00, 6
719.00, 6
720.00, 6
721.00, 6
722.00, 6
723.00, 6
724.00, 6
725.00, 6
726.00, 6
727.00, 6
728.00, 6
729.00, 6
730.00, 6
731.00, 6
732.00, 6
733.00, 6
734.00, 6
735.00, 6
736.00, 7
737.00, 0
738.00, 0
739.00, 0
740.00, 0
741.00, 0
742.00, 0
743.00, 0
744.00, 0
745.00, 0
746.00, 0
747.00, 0
748.00, 0
749.00, 0
750.00, 0
751.00, 0
752.00, 0
753.00, 0
754.00, 0
755.00, 0
756.00, 0
757.00, 0
758.00, 0
759.00, 0
760.00, 0
761.00, 0
762.00, 0
763.00, 0
764.00, 0
765.00, 0
766.00, 0
767.00, 0
768.00, 0
769.00, 0
770.00, 0
771.00, 0
772.00, 0
773.00, 0
774.00, 0
775.00, 0
776.00, 0
777.00, 0
778.00, 0
779.00, 0
780.00, 0
781.00, 0
782.00, 0
783.00, 0
784.00, 0
785.00, 0
786.00, 0
787.00, 0
788.00, 0
789.00, 0
790.00, 0
791.00, 0
792.00, 0
793.00, 0
794.00, 0
795.00, 0
796.00, 0
797.00, 0
798.00, 0
799.00, 0
800.00, 0
801.00, 0
802.00, 0
803.00, 0
804.00, 0
805.00, 0
806.00, 0
807.00, 0
808.00, 0
809.00, 0
810.00, 0
811.00, 0
812.00, 0
813.00, 0
814.00, 0
815.00, 0
816.00, 0
817.00, 0
818.00, 0
819.00, 0
820.00, 0
821.00, 0
822.00, 0
823.00, 2
824.00, 2
825.00, 2
826.00, 2
827.00, 2
828.00, 2
829.00, 2
830.00, 2
831.00, 2
832.00, 2
833.00, 2
834.00, 2
835.00, 2
836.00, 2
837.00, 2
838.00, 2
839.00, 2
840.00, 2
841.00, 2
842.00, 2
843.00, 2
844.00, 2
845.00, 2
846.00, 2
847.00, 2
848.00, 2
849.00, 2
850.00, 2
851.00, 2
852.00, 2
853.00, 2
854.00, 2
855.00, 2
856.00, 2
857.00, 2
858.00, 5
859.00, 5
860.00, 5
861.00, 5
862.00, 5
863.00, 5
864.00, 5
865.00, 5
866.00, 5
867.00, 5
868.00, 2
869.00, 2
870.00, 2
871.00, 2
872.00, 2
873.00, 2
874.00, 2
875.00, 2
876.00, 2
877.00, 2
878.00, 2
879.00, 2
880.00, 2
881.00, 2
882.00, 2
883.00, 2
884.00, 2
885.00, 2
886.00, 2
887.00, 2
888.00, 2
889.00, 2
890.00, 2
891.00, 2
892.00, 2
893.00, 2
894.00, 2
895.00, 2
896.00, 2
897.00, 2
898.00, 2
899.00, 2
900.00, 2
901.00, 2
902.00, 2
903.00, 2
904.00, 2
905.00, 2
906.00, 2
907.00, 2
908.00, 2
909.00, 2
910.00, 2
911.00, 2
912.00, 2
913.00, 2
914.00, 0
915.00, 0
916.00, 0
917.00, 0
918.00, 0
919.00, 0
920.00, 0
921.00, 0
922.00, 0
923.00, 0
924.00, 0
925.00, 0
926.00, 0
927.00, 0
928.00, 0
929.00, 0
930.00, 0
931.00, 0
932.00, 0
933.00, 0
934.00, 0
935.00, 0
936.00, 0
937.00, 0
938.00, 0
939.00, 0
940.00, 0
941.00, 0
942.00, 0
943.00, 2
944.00, 2
945.00, 2
946.00, 2
947.00, 2
948.00, 2
949.00, 2
950.00, 2
951.00, 2
952.00, 2
953.00, 2
954.00, 2
955.00, 2
956.00, 2
957.00, 2
958.00, 2
959.00, 2
960.00, 2
961.00, 2
962.00, 2
963.00, 2
964.00, 2
965.00, 2
966.00, 2
967.00, 2
968.00, 2
969.00, 2
970.00, 2
971.00, 2
972.00, 2
973.00, 2
974.00, 2
975.00, 2
976.00, 2
977.00, 2
978.00, 2
979.00, 2
980.00, 0
981.00, 0
982.00, 0
983.00, 0
984.00, 0
985.00, 0
986.00, 0
987.00, 0
988.00, 0
989.00, 0
990.00, 0
991.00, 0
992.00, 0
993.00, 0
994.00, 0
995.00, 0
996.00, 0
997.00, 0
998.00, 0
999.00, 0