0.00, 6
1.00, 6
2.00, 6
3.00, 6
4.00, 6
5.00, 6
6.00, 6
7.00, 6
8.00, 6
9.00, 6
10.00, 6
11.00, 6
12.00, 6
13.00, 6
14.00, 6
15.00, 6
16.00, 6
17.00, 7
18.00, 7
19.00, 7
20.00, 7
21.00, 7
22.00, 7
23.00, 7
24.00, 7
25.00, 7
26.00, 7
27.00, 7
28.00, 7
29.00, 7
30.00, 7
31.00, 7
32.00, 7
33.00, 7
34.00, 7
35.00, 7
36.00, 7
37.00, 7
38.00, 7
39.00, 7
40.00, 7
41.00, 7
42.00, 7
43.00, 7
44.00, 7
45.00, 7
46.00, 7
47.00, 7
48.00, 7
49.00, 7
50.00, 7
51.00, 7
52.00, 7
53.00, 7
54.00, 7
55.00, 7
56.00, 7
57.00, 7
58.00, 7
59.00, 7
60.00, 7
61.00, 7
62.00, 7
63.00, 7
64.00, 7
65.00, 7
66.00, 7
67.00, 7
68.00, 7
69.00, 7
70.00, 7
71.00, 7
72.00, 7
73.00, 7
74.00, 7
75.00, 7
76.00, 7
77.00, 7
78.00, 7
79.00, 7
80.00, 7
81.00, 7
82.00, 7
83.00, 7
84.00, 7
85.00, 7
86.00, 7
87.00, 7
88.00, 7
89.00, 7
90.00, 7
91.00, 7
92.00, 7
93.00, 7
94.00, 7
95.00, 7
96.00, 7
97.00, 7
98.00, 7
99.00, 7
100.00, 7
101.00, 7
102.00, 7
103.00, 7
104.00, 7
105.00, 7
106.00, 7
107.00, 7
108.00, 7
109.00, 7
110.00, 7
111.00, 7
112.00, 7
113.00, 7
114.00, 7
115.00, 7
116.00, 7
117.00, 7
118.00, 7
119.00, 7
120.00, 7
121.00, 7
122.00, 7
123.00, 7
124.00, 7
125.00, 7
126.00, 7
127.00, 7
128.00, 7
129.00, 7
130.00, 7
131.00, 7
132.00, 7
133.00, 7
134.00, 7
135.00, 7
136.00, 7
137.00, 7
138.00, 7
139.00, 7
140.00, 7
141.00, 7
142.00, 7
143.00, 7
144.00, 7
145.00, 7
146.00, 7
147.00, 7
148.00, 7
149.00, 7
150.00, 7
151.00, 7
152.00, 7
153.00, 7
154.00, 7
155.00, 7
156.00, 7
157.00, 7
158.00, 7
159.00, 7
160.00, 7
161.00, 7
162.00, 7
163.00, 7
164.00, 7
165.00, 7
166.00, 1
167.00, 1
168.00, 1
169.00, 1
170.00, 1
171.00, 1
172.00, 1
173.00, 1
174.00, 1
175.00, 1
176.00, 1
177.00, 1
178.00, 1
179.00, 1
180.00, 1
181.00, 1
182.00, 1
183.00, 1
184.00, 1
185.00, 1
186.00, 1
187.00, 1
188.00, 1
189.00, 1
190.00, 1
191.00, 1
192.00, 1
193.00, 1
194.00, 1
195.00, 1
196.00, 1
197.00, 1
198.00, 1
199.00, 1
200.00, 1
201.00, 1
202.00, 1
203.00, 8
204.00, 8
205.00, 8
206.00, 8
207.00, 8
208.00, 8
209.00, 8
210.00, 8
211.00, 8
212.00, 8
213.00, 8
214.00, 8
215.00, 8
216.00, 8
217.00, 8
218.00, 8
219.00, 8
220.00, 8
221.00, 8
222.00, 8
223.00, 8
224.00, 8
225.00, 8
226.00, 8
227.00, 8
228.00, 8
229.00, 8
230.00, 8
231.00, 8
232.00, 8
233.00, 8
234.00, 8
235.00, 8
236.00, 8
237.00, 8
238.00, 4
239.00, 4
240.00, 4
241.00, 4
242.00, 4
243.00, 4
244.00, 4
245.00, 4
246.00, 4
247.00, 4
248.00, 4
249.00, 4
250.00, 4
251.00, 4
252.00, 4
253.00, 4
254.00, 4
255.00, 4
256.00, 4
257.00, 4
258.00, 8
259.00, 8
260.00, 8
261.00, 8
262.00, 8
263.00, 8
264.00, 8
265.00, 8
266.00, 8
267.00, 8
268.00, 8
269.00, 8
270.00, 8
271.00, 8
272.00, 8
273.00, 8
274.00, 8
275.00, 8
276.00, 8
277.00, 8
278.00, 8
279.00, 8
280.00, 8
281.00, 8
282.00, 8
283.00, 8
284.00, 8
285.00, 8
286.00, 8
287.00, 8
288.00, 8
289.00, 8
290.00, 8
291.00, 8
292.00, 8
293.00, 8
294.00, 8
295.00, 8
296.00, 8
297.00, 8
298.00, 8
299.00, 8
300.00, 8
301.00, 8
302.00, 8
303.00, 8
304.00, 8
305.00, 8
306.00, 8
307.00, 8
308.00, 8
309.00, 8
310.00, 8
311.00, 8
312.00, 8
313.00, 8
314.00, 3
315.00, 3
316.00, 3
317.00, 3
318.00, 3
319.00, 3
320.00, 3
321.00, 3
322.00, 3
323.00, 3
324.00, 3
325.00, 3
326.00, 3
327.00, 3
328.00, 3
329.00, 3
330.00, 3
331.00, 3
332.00, 3
333.00, 3
334.00, 4
335.00, 4
336.00, 4
337.00, 4
338.00, 4
339.00, 4
340.00, 4
341.00, 4
342.00, 4
343.00, 4
344.00, 4
345.00, 4
346.00, 4
347.00, 4
348.00, 4
349.00, 4
350.00, 4
351.00, 4
352.00, 4
353.00, 4
354.00, 4
355.00, 4
356.00, 4
357.00, 4
358.00, 4
359.00, 4
360.00, 4
361.00, 4
362.00, 4
363.00, 4
364.00, 4
365.00, 4
366.00, 4
367.00, 4
368.00, 4
369.00, 4
370.00, 4
371.00, 4
372.00, 4
373.00, 4
374.00, 4
375.00, 4
376.00, 4
377.00, 4
378.00, 4
379.00, 6
380.00, 6
381.00, 6
382.00, 6
383.00, 6
384.00, 6
385.00, 6
386.00, 6
387.00, 6
388.00, 6
389.00, 6
390.00, 6
391.00, 6
392.00, 6
393.00, 6
394.00, 6
395.00, 6
396.00, 6
397.00, 6
398.00, 6
399.00, 6
400.00, 6
401.00, 6
402.00, 6
403.00, 6
404.00, 6
405.00, 6
406.00, 6
407.00, 6
408.00, 6
409.00, 6
410.00, 6
411.00, 6
412.00, 6
413.00, 6
414.00, 6
415.00, 6
416.00, 6
417.00, 6
418.00, 6
419.00, 6
420.00, 6
421.00, 6
422.00, 6
423.00, 6
424.00, 6
425.00, 6
426.00, 6
427.00, 6
428.00, 6
429.00, 6
430.00, 6
431.00, 6
432.00, 6
433.00, 6
434.00, 6
435.00, 6
436.00, 6
437.00, 6
438.00, 6
439.00, 6
440.00, 6
441.00, 6
442.00, 4
443.00, 4
444.00, 4
445.00, 4
446.00, 4
447.00, 4
448.00, 4
449.00, 4
450.00, 4
451.00, 4
452.00, 4
453.00, 4
454.00, 4
455.00, 4
456.00, 4
457.00, 4
458.00, 4
459.00, 4
460.00, 4
461.00, 4
462.00, 4
463.00, 4
464.00, 4
465.00, 4
466.00, 4
467.00, 4
468.00, 4
469.00, 4
470.00, 4
471.00, 1
472.00, 1
473.00, 1
474.00, 1
475.00, 1
476.00, 1
477.00, 1
478.00, 1
479.00, 1
480.00, 1
481.00, 1
482.00, 1
483.00, 1
484.00, 1
485.00, 1
486.00, 1
487.00, 1
488.00, 1
489.00, 1
490.00, 1
491.00, 1
492.00, 1
493.00, 1
494.00, 1
495.00, 1
496.00, 1
497.00, 1
498.00, 1
499.00, 1
500.00, 1
501.00, 1
502.00, 1
503.00, 1
504.00, 1
505.00, 1
506.00, 1
507.00, 1
508.00, 1
509.00, 1
510.00, 1
511.00, 1
512.00, 1
513.00, 1
514.00, 1
515.00, 1
516.00, 1
517.00, 1
518.00, 1
519.00, 1
520.00, 1
521.00, 1
522.00, 1
523.00, 1
524.00, 1
525.00, 8
526.00, 3
527.00, 3
528.00, 3
529.00, 3
530.00, 3
531.00, 3
532.00, 3
533.00, 3
534.00, 3
535.00, 3
536.00, 3
537.00, 3
538.00, 3
539.00, 3
540.00, 3
541.00, 3
542.00, 3
543.00, 3
544.00, 3
545.00, 3
546.00, 3
547.00, 3
548.00, 3
549.00, 3
550.00, 3
551.00, 3
552.00, 3
553.00, 3
554.00, 3
555.00, 3
556.00, 3
557.00, 3
558.00, 3
559.00, 3
560.00, 3
561.00, 3
562.00, 3
563.00, 3
564.00, 3
565.00, 3
566.00, 3
567.00, 3
568.00, 3
569.00, 3
570.00, 3
571.00, 3
572.00, 3
573.00, 3
574.00, 3
575.00, 3
576.00, 3
577.00, 3
578.00, 3
579.00, 3
580.00, 3
581.00, 3
582.00, 3
583.00, 3
584.00, 3
585.00, 3
586.00, 3
587.00, 3
588.00, 3
589.00, 3
590.00, 3
591.00, 3
592.00, 3
593.00, 3
594.00, 3
595.00, 3
596.00, 3
597.00, 3
598.00, 3
599.00, 3
600.00, 4
601.00, 4
602.00, 4
603.00, 4
604.00, 4
605.00, 4
606.00, 4
607.00, 4
608.00, 4
609.00, 2
610.00, 2
611.00, 2
612.00, 2
613.00, 2
614.00, 2
615.00, 2
616.00, 2
617.00, 2
618.00, 2
619.00, 2
620.00, 2
621.00, 2
622.00, 2
623.00, 2
624.00, 2
625.00, 2
626.00, 2
627.00, 2
628.00, 2
629.00, 2
630.00, 2
631.00, 2
632.00, 2
633.00, 2
634.00, 2
635.00, 2
636.00, 2
637.00, 0
638.00, 0
639.00, 0
640.00, 0
641.00, 0
642.00, 0
643.00, 0
644.00, 0
645.00, 0
646.00, 0
647.00, 0
648.00, 0
649.00, 0
650.00, 0
651.00, 0
652.00, 0
653.00, 0
654.00, 0
655.00, 0
656.00, 0
657.00, 0
658.00, 0
659.00, 0
660.00, 0
661.00, 0
662.00, 0
663.00, 0
664.00, 0
665.00, 0
666.00, 7
667.00, 4
668.00, 4
669.00, 4
670.00, 4
671.00, 4
672.00, 4
673.00, 4
674.00, 4
675.00, 4
676.00, 4
677.00, 6
678.00, 6
679.00, 6
680.00, 6
681.00, 6
682.00, 6
683.00, 6
684.00, 6
685.00, 6
686.00, 6
687.00, 6
688.00, 6
689.00, 6
690.00, 6
691.00, 6
692.00, 6
693.00, 6
694.00, 6
695.00, 6
696.00, 6
697.00, 6
698.00, 6
699.00, 6
700.00, 6
701.00, 6
702.00, 6
703.00, 6
704.00, 0
705.00, 0
706.00, 0
707.00, 0
708.00, 0
709.00, 0
710.00, 0
711.00, 0
712.00, 0
713.00, 0
714.00, 0
715.00, 0
716.00, 0
717.00, 0
718.00, 0
719.00, 0
720.00, 0
721.00, 0
722.00, 0
723.00, 0
724.00, 0
725.00, 0
726.00, 0
727.00, 0
728.00, 0
729.00, 0
730.00, 0
731.00, 0
732.00, 0
733.00, 0
734.00, 0
735.00, 0
736.00, 0
737.00, 0
738.00, 0
739.00, 0
740.00, 0
741.00, 0
742.00, 0
743.00, 0
744.00, 0
745.00, 0
746.00, 0
747.00, 0
748.00, 0
749.00, 0
750.00, 0
751.00, 0
752.00, 0
753.00, 0
754.00, 0
755.00, 0
756.00, 0
757.00, 0
758.00, 0
759.00, 0
760.00, 0
761.00, 0
762.00, 0
763.00, 0
764.00, 0
765.00, 0
766.00, 0
767.00, 0
768.00, 0
769.00, 0
770.00, 0
771.00, 0
772.00, 0
773.00, 0
774.00, 0
775.00, 0
776.00, 0
777.00, 0
778.00, 0
779.00, 0
780.00, 0
781.00, 0
782.00, 0
783.00, 0
784.00, 0
785.00, 0
786.00, 0
787.00, 0
788.00, 0
789.00, 2
790.00, 2
791.00, 2
792.00, 2
793.00, 2
794.00, 2
795.00, 2
796.00, 2
797.00, 2
798.00, 4
799.00, 4
800.00, 4
801.00, 4
802.00, 4
803.00, 4
804.00, 4
805.00, 4
806.00, 4
807.00, 4
808.00, 4
809.00, 4
810.00, 4
811.00, 4
812.00, 4
813.00, 4
814.00, 4
815.00, 4
816.00, 4
817.00, 4
818.00, 4
819.00, 4
820.00, 4
821.00, 4
822.00, 4
823.00, 4
824.00, 4
825.00, 4
826.00, 4
827.00, 4
828.00, 4
829.00, 4
830.00, 4
831.00, 4
832.00, 4
833.00, 4
834.00, 4
835.00, 4
836.00, 4
837.00, 4
838.00, 4
839.00, 4
840.00, 4
841.00, 4
842.00, 4
843.00, 4
844.00, 4
845.00, 4
846.00, 4
847.00, 4
848.00, 4
849.00, 4
850.00, 4
851.00, 4
852.00, 4
853.00, 4
854.00, 4
855.00, 4
856.00, 4
857.00, 4
858.00, 4
859.00, 4
860.00, 4
861.00, 4
862.00, 4
863.00, 4
864.00, 4
865.00, 4
866.00, 4
867.00, 4
868.00, 4
869.00, 4
870.00, 4
871.00, 4
872.00, 4
873.00, 4
874.00, 4
875.00, 4
876.00, 4
877.00, 4
878.00, 4
879.00, 4
880.00, 4
881.00, 4
882.00, 4
883.00, 4
884.00, 3
885.00, 3
886.00, 3
887.00, 3
888.00, 3
889.00, 3
890.00, 3
891.00, 3
892.00, 3
893.00, 3
894.00, 3
895.00, 3
896.00, 3
897.00, 3
898.00, 3
899.00, 3
900.00, 3
901.00, 3
902.00, 3
903.00, 8
904.00, 8
905.00, 8
906.00, 8
907.00, 8
908.00, 8
909.00, 8
910.00, 8
911.00, 8
912.00, 8
913.00, 8
914.00, 8
915.00, 8
916.00, 8
917.00, 8
918.00, 8
919.00, 8
920.00, 8
921.00, 8
922.00, 8
923.00, 8
924.00, 8
925.00, 8
926.00, 8
927.00, 8
928.00, 8
929.00, 8
930.00, 8
931.00, 8
932.00, 8
933.00, 8
934.00, 8
935.00, 8
936.00, 8
937.00, 8
938.00, 8
939.00, 8
940.00, 8
941.00, 8
942.00, 8
943.00, 8
944.00, 8
945.00, 8
946.00, 8
947.00, 8
948.00, 8
949.00, 8
950.00, 8
951.00, 8
952.00, 8
953.00, 8
954.00, 8
955.00, 8
956.00, 8
957.00, 8
958.00, 8
959.00, 8
960.00, 8
961.00, 8
962.00, 8
963.00, 8
964.00, 8
965.00, 8
966.00, 8
967.00, 8
968.00, 8
969.00, 8
970.00, 8
971.00, 8
972.00, 8
973.00, 8
974.00, 8
975.00, 3
976.00, 3
977.00, 3
978.00, 3
979.00, 3
980.00, 3
981.00, 3
982.00, 3
983.00, 3
984.00, 3
985.00, 3
986.00, 3
987.00, 3
988.00, 3
989.00, 3
990.00, 3
991.00, 3
992.00, 3
993.00, 3
994.00, 3
995.00, 3
996.00, 3
997.00, 3
998.00, 3
999.00, 3