0.00, 8
1.00, 8
2.00, 8
3.00, 8
4.00, 8
5.00, 8
6.00, 8
7.00, 8
8.00, 8
9.00, 8
10.00, 8
11.00, 8
12.00, 8
13.00, 4
14.00, 4
15.00, 4
16.00, 4
17.00, 4
18.00, 4
19.00, 4
20.00, 4
21.00, 4
22.00, 1
23.00, 1
24.00, 1
25.00, 1
26.00, 1
27.00, 1
28.00, 1
29.00, 1
30.00, 1
31.00, 1
32.00, 1
33.00, 1
34.00, 1
35.00, 1
36.00, 1
37.00, 1
38.00, 1
39.00, 1
40.00, 1
41.00, 1
42.00, 1
43.00, 1
44.00, 1
45.00, 1
46.00, 7
47.00, 7
48.00, 7
49.00, 7
50.00, 7
51.00, 7
52.00, 7
53.00, 7
54.00, 7
55.00, 7
56.00, 7
57.00, 7
58.00, 7
59.00, 7
60.00, 7
61.00, 7
62.00, 7
63.00, 7
64.00, 7
65.00, 7
66.00, 7
67.00, 7
68.00, 7
69.00, 7
70.00, 7
71.00, 7
72.00, 7
73.00, 7
74.00, 7
75.00, 7
76.00, 7
77.00, 7
78.00, 7
79.00, 7
80.00, 7
81.00, 7
82.00, 7
83.00, 7
84.00, 7
85.00, 7
86.00, 7
87.00, 7
88.00, 7
89.00, 7
90.00, 7
91.00, 7
92.00, 7
93.00, 7
94.00, 7
95.00, 7
96.00, 7
97.00, 7
98.00, 7
99.00, 7
100.00, 7
101.00, 7
102.00, 7
103.00, 7
104.00, 7
105.00, 7
106.00, 7
107.00, 7
108.00, 7
109.00, 7
110.00, 7
111.00, 7
112.00, 7
113.00, 7
114.00, 7
115.00, 7
116.00, 7
117.00, 7
118.00, 7
119.00, 7
120.00, 7
121.00, 7
122.00, 7
123.00, 7
124.00, 7
125.00, 7
126.00, 7
127.00, 7
128.00, 7
129.00, 7
130.00, 7
131.00, 7
132.00, 7
133.00, 7
134.00, 7
135.00, 7
136.00, 7
137.00, 7
138.00, 7
139.00, 7
140.00, 7
141.00, 7
142.00, 7
143.00, 7
144.00, 7
145.00, 7
146.00, 7
147.00, 7
148.00, 7
149.00, 7
150.00, 7
151.00, 7
152.00, 7
153.00, 7
154.00, 7
155.00, 7
156.00, 7
157.00, 7
158.00, 7
159.00, 7
160.00, 7
161.00, 7
162.00, 7
163.00, 7
164.00, 7
165.00, 7
166.00, 7
167.00, 7
168.00, 7
169.00, 7
170.00, 7
171.00, 7
172.00, 7
173.00, 7
174.00, 7
175.00, 7
176.00, 7
177.00, 7
178.00, 7
179.00, 7
180.00, 7
181.00, 7
182.00, 7
183.00, 7
184.00, 7
185.00, 7
186.00, 7
187.00, 7
188.00, 7
189.00, 7
190.00, 7
191.00, 7
192.00, 7
193.00, 7
194.00, 7
195.00, 7
196.00, 7
197.00, 7
198.00, 7
199.00, 7
200.00, 7
201.00, 7
202.00, 6
203.00, 6
204.00, 6
205.00, 6
206.00, 6
207.00, 6
208.00, 6
209.00, 6
210.00, 6
211.00, 6
212.00, 6
213.00, 6
214.00, 6
215.00, 6
216.00, 6
217.00, 6
218.00, 6
219.00, 6
220.00, 6
221.00, 6
222.00, 6
223.00, 6
224.00, 6
225.00, 6
226.00, 6
227.00, 6
228.00, 6
229.00, 6
230.00, 6
231.00, 6
232.00, 6
233.00, 6
234.00, 6
235.00, 6
236.00, 6
237.00, 0
238.00, 0
239.00, 0
240.00, 0
241.00, 0
242.00, 0
243.00, 0
244.00, 0
245.00, 0
246.00, 0
247.00, 0
248.00, 0
249.00, 0
250.00, 0
251.00, 0
252.00, 0
253.00, 0
254.00, 0
255.00, 0
256.00, 0
257.00, 0
258.00, 0
259.00, 0
260.00, 0
261.00, 0
262.00, 0
263.00, 0
264.00, 0
265.00, 0
266.00, 0
267.00, 0
268.00, 0
269.00, 0
270.00, 0
271.00, 0
272.00, 0
273.00, 0
274.00, 0
275.00, 0
276.00, 0
277.00, 0
278.00, 0
279.00, 0
280.00, 0
281.00, 0
282.00, 0
283.00, 0
284.00, 0
285.00, 0
286.00, 0
287.00, 0
288.00, 0
289.00, 0
290.00, 0
291.00, 0
292.00, 0
293.00, 0
294.00, 0
295.00, 0
296.00, 0
297.00, 0
298.00, 0
299.00, 0
300.00, 0
301.00, 0
302.00, 0
303.00, 0
304.00, 0
305.00, 0
306.00, 0
307.00, 0
308.00, 0
309.00, 0
310.00, 0
311.00, 0
312.00, 0
313.00, 0
314.00, 0
315.00, 0
316.00, 0
317.00, 0
318.00, 0
319.00, 0
320.00, 0
321.00, 0
322.00, 0
323.00, 2
324.00, 2
325.00, 2
326.00, 2
327.00, 2
328.00, 2
329.00, 2
330.00, 2
331.00, 2
332.00, 2
333.00, 2
334.00, 2
335.00, 2
336.00, 2
337.00, 2
338.00, 2
339.00, 2
340.00, 4
341.00, 6
342.00, 6
343.00, 6
344.00, 6
345.00, 6
346.00, 6
347.00, 6
348.00, 6
349.00, 6
350.00, 6
351.00, 6
352.00, 6
353.00, 6
354.00, 6
355.00, 6
356.00, 6
357.00, 6
358.00, 6
359.00, 6
360.00, 6
361.00, 6
362.00, 6
363.00, 6
364.00, 6
365.00, 6
366.00, 6
367.00, 6
368.00, 6
369.00, 6
370.00, 6
371.00, 6
372.00, 6
373.00, 6
374.00, 0
375.00, 0
376.00, 0
377.00, 0
378.00, 0
379.00, 0
380.00, 0
381.00, 0
382.00, 0
383.00, 0
384.00, 0
385.00, 0
386.00, 0
387.00, 0
388.00, 0
389.00, 0
390.00, 0
391.00, 0
392.00, 0
393.00, 0
394.00, 0
395.00, 0
396.00, 0
397.00, 0
398.00, 0
399.00, 0
400.00, 0
401.00, 0
402.00, 0
403.00, 0
404.00, 0
405.00, 0
406.00, 0
407.00, 0
408.00, 0
409.00, 0
410.00, 0
411.00, 0
412.00, 0
413.00, 0
414.00, 0
415.00, 0
416.00, 0
417.00, 0
418.00, 0
419.00, 0
420.00, 0
421.00, 0
422.00, 0
423.00, 0
424.00, 0
425.00, 0
426.00, 0
427.00, 0
428.00, 0
429.00, 0
430.00, 0
431.00, 0
432.00, 0
433.00, 0
434.00, 0
435.00, 0
436.00, 0
437.00, 0
438.00, 0
439.00, 0
440.00, 0
441.00, 0
442.00, 0
443.00, 0
444.00, 0
445.00, 0
446.00, 0
447.00, 0
448.00, 0
449.00, 0
450.00, 0
451.00, 0
452.00, 0
453.00, 0
454.00, 0
455.00, 0
456.00, 0
457.00, 0
458.00, 0
459.00, 0
460.00, 0
461.00, 0
462.00, 0
463.00, 0
464.00, 0
465.00, 0
466.00, 0
467.00, 0
468.00, 0
469.00, 0
470.00, 0
471.00, 0
472.00, 0
473.00, 0
474.00, 0
475.00, 0
476.00, 0
477.00, 0
478.00, 0
479.00, 0
480.00, 0
481.00, 0
482.00, 0
483.00, 0
484.00, 0
485.00, 0
486.00, 0
487.00, 0
488.00, 0
489.00, 0
490.00, 0
491.00, 0
492.00, 0
493.00, 0
494.00, 0
495.00, 0
496.00, 0
497.00, 0
498.00, 0
499.00, 0
500.00, 0
501.00, 0
502.00, 0
503.00, 0
504.00, 0
505.00, 0
506.00, 0
507.00, 0
508.00, 0
509.00, 0
510.00, 0
511.00, 0
512.00, 0
513.00, 0
514.00, 0
515.00, 0
516.00, 0
517.00, 0
518.00, 0
519.00, 0
520.00, 0
521.00, 0
522.00, 0
523.00, 0
524.00, 0
525.00, 0
526.00, 0
527.00, 0
528.00, 0
529.00, 0
530.00, 0
531.00, 0
532.00, 0
533.00, 0
534.00, 0
535.00, 0
536.00, 0
537.00, 0
538.00, 0
539.00, 0
540.00, 0
541.00, 0
542.00, 6
543.00, 6
544.00, 6
545.00, 6
546.00, 6
547.00, 6
548.00, 6
549.00, 6
550.00, 6
551.00, 6
552.00, 6
553.00, 6
554.00, 6
555.00, 6
556.00, 6
557.00, 6
558.00, 6
559.00, 6
560.00, 6
561.00, 6
562.00, 6
563.00, 6
564.00, 6
565.00, 6
566.00, 6
567.00, 6
568.00, 6
569.00, 6
570.00, 6
571.00, 6
572.00, 6
573.00, 6
574.00, 6
575.00, 6
576.00, 6
577.00, 6
578.00, 6
579.00, 7
580.00, 7
581.00, 7
582.00, 7
583.00, 7
584.00, 7
585.00, 7
586.00, 7
587.00, 7
588.00, 7
589.00, 7
590.00, 7
591.00, 7
592.00, 7
593.00, 7
594.00, 7
595.00, 7
596.00, 7
597.00, 7
598.00, 7
599.00, 7
600.00, 7
601.00, 7
602.00, 7
603.00, 7
604.00, 7
605.00, 7
606.00, 7
607.00, 7
608.00, 7
609.00, 7
610.00, 7
611.00, 7
612.00, 7
613.00, 7
614.00, 7
615.00, 7
616.00, 7
617.00, 7
618.00, 7
619.00, 7
620.00, 7
621.00, 7
622.00, 7
623.00, 7
624.00, 7
625.00, 7
626.00, 7
627.00, 7
628.00, 7
629.00, 7
630.00, 7
631.00, 7
632.00, 7
633.00, 7
634.00, 7
635.00, 7
636.00, 7
637.00, 7
638.00, 7
639.00, 7
640.00, 7
641.00, 7
642.00, 7
643.00, 7
644.00, 7
645.00, 7
646.00, 7
647.00, 7
648.00, 7
649.00, 7
650.00, 7
651.00, 7
652.00, 7
653.00, 7
654.00, 7
655.00, 7
656.00, 7
657.00, 7
658.00, 7
659.00, 7
660.00, 7
661.00, 7
662.00, 7
663.00, 7
664.00, 7
665.00, 7
666.00, 7
667.00, 7
668.00, 7
669.00, 7
670.00, 7
671.00, 7
672.00, 7
673.00, 7
674.00, 7
675.00, 7
676.00, 7
677.00, 7
678.00, 7
679.00, 7
680.00, 7
681.00, 7
682.00, 7
683.00, 7
684.00, 7
685.00, 7
686.00, 7
687.00, 7
688.00, 7
689.00, 7
690.00, 7
691.00, 7
692.00, 7
693.00, 7
694.00, 7
695.00, 7
696.00, 7
697.00, 7
698.00, 7
699.00, 7
700.00, 7
701.00, 7
702.00, 7
703.00, 7
704.00, 1
705.00, 4
706.00, 4
707.00, 4
708.00, 4
709.00, 4
710.00, 4
711.00, 4
712.00, 4
713.00, 4
714.00, 4
715.00, 4
716.00, 4
717.00, 4
718.00, 4
719.00, 4
720.00, 4
721.00, 4
722.00, 4
723.00, 4
724.00, 4
725.00, 4
726.00, 4
727.00, 4
728.00, 4
729.00, 4
730.00, 4
731.00, 4
732.00, 4
733.00, 4
734.00, 4
735.00, 4
736.00, 4
737.00, 4
738.00, 4
739.00, 4
740.00, 4
741.00, 4
742.00, 4
743.00, 0
744.00, 1
745.00, 1
746.00, 1
747.00, 1
748.00, 1
749.00, 1
750.00, 1
751.00, 1
752.00, 1
753.00, 1
754.00, 1
755.00, 1
756.00, 1
757.00, 1
758.00, 1
759.00, 1
760.00, 1
761.00, 1
762.00, 1
763.00, 1
764.00, 8
765.00, 8
766.00, 8
767.00, 8
768.00, 8
769.00, 8
770.00, 8
771.00, 8
772.00, 8
773.00, 8
774.00, 8
775.00, 8
776.00, 8
777.00, 8
778.00, 8
779.00, 8
780.00, 8
781.00, 8
782.00, 8
783.00, 8
784.00, 8
785.00, 8
786.00, 8
787.00, 8
788.00, 8
789.00, 8
790.00, 8
791.00, 4
792.00, 4
793.00, 4
794.00, 4
795.00, 4
796.00, 4
797.00, 4
798.00, 4
799.00, 4
800.00, 4
801.00, 4
802.00, 4
803.00, 4
804.00, 4
805.00, 4
806.00, 4
807.00, 4
808.00, 4
809.00, 4
810.00, 4
811.00, 4
812.00, 4
813.00, 4
814.00, 4
815.00, 4
816.00, 4
817.00, 4
818.00, 4
819.00, 4
820.00, 8
821.00, 8
822.00, 8
823.00, 8
824.00, 8
825.00, 8
826.00, 8
827.00, 8
828.00, 8
829.00, 8
830.00, 8
831.00, 8
832.00, 8
833.00, 8
834.00, 8
835.00, 8
836.00, 8
837.00, 8
838.00, 8
839.00, 8
840.00, 8
841.00, 8
842.00, 8
843.00, 8
844.00, 8
845.00, 8
846.00, 8
847.00, 8
848.00, 8
849.00, 8
850.00, 8
851.00, 8
852.00, 8
853.00, 8
854.00, 8
855.00, 8
856.00, 8
857.00, 1
858.00, 1
859.00, 1
860.00, 1
861.00, 1
862.00, 1
863.00, 1
864.00, 1
865.00, 1
866.00, 1
867.00, 1
868.00, 1
869.00, 1
870.00, 1
871.00, 8
872.00, 3
873.00, 3
874.00, 3
875.00, 3
876.00, 3
877.00, 3
878.00, 3
879.00, 3
880.00, 3
881.00, 3
882.00, 3
883.00, 3
884.00, 3
885.00, 3
886.00, 3
887.00, 3
888.00, 3
889.00, 3
890.00, 3
891.00, 3
892.00, 3
893.00, 3
894.00, 3
895.00, 3
896.00, 3
897.00, 3
898.00, 3
899.00, 3
900.00, 3
901.00, 3
902.00, 3
903.00, 3
904.00, 3
905.00, 3
906.00, 3
907.00, 5
908.00, 5
909.00, 5
910.00, 5
911.00, 5
912.00, 5
913.00, 5
914.00, 5
915.00, 5
916.00, 5
917.00, 5
918.00, 5
919.00, 5
920.00, 5
921.00, 5
922.00, 5
923.00, 5
924.00, 5
925.00, 5
926.00, 5
927.00, 5
928.00, 5
929.00, 5
930.00, 5
931.00, 5
932.00, 5
933.00, 5
934.00, 5
935.00, 5
936.00, 3
937.00, 3
938.00, 3
939.00, 3
940.00, 3
941.00, 3
942.00, 3
943.00, 3
944.00, 3
945.00, 3
946.00, 3
947.00, 3
948.00, 3
949.00, 3
950.00, 3
951.00, 3
952.00, 3
953.00, 3
954.00, 3
955.00, 3
956.00, 3
957.00, 3
958.00, 3
959.00, 3
960.00, 3
961.00, 3
962.00, 3
963.00, 3
964.00, 3
965.00, 3
966.00, 3
967.00, 3
968.00, 3
969.00, 3
970.00, 3
971.00, 3
972.00, 3
973.00, 3
974.00, 3
975.00, 3
976.00, 3
977.00, 3
978.00, 3
979.00, 3
980.00, 3
981.00, 3
982.00, 3
983.00, 3
984.00, 8
985.00, 8
986.00, 8
987.00, 8
988.00, 8
989.00, 8
990.00, 8
991.00, 8
992.00, 8
993.00, 8
994.00, 8
995.00, 8
996.00, 8
997.00, 8
998.00, 8
999.00, 8