0.00, 5
1.00, 5
2.00, 5
3.00, 5
4.00, 5
5.00, 5
6.00, 5
7.00, 5
8.00, 5
9.00, 5
10.00, 5
11.00, 5
12.00, 5
13.00, 5
14.00, 5
15.00, 5
16.00, 5
17.00, 5
18.00, 5
19.00, 5
20.00, 5
21.00, 5
22.00, 5
23.00, 5
24.00, 5
25.00, 5
26.00, 5
27.00, 5
28.00, 5
29.00, 5
30.00, 5
31.00, 5
32.00, 3
33.00, 3
34.00, 3
35.00, 3
36.00, 3
37.00, 3
38.00, 3
39.00, 3
40.00, 3
41.00, 3
42.00, 3
43.00, 3
44.00, 3
45.00, 3
46.00, 3
47.00, 3
48.00, 3
49.00, 3
50.00, 3
51.00, 3
52.00, 3
53.00, 3
54.00, 3
55.00, 3
56.00, 3
57.00, 3
58.00, 3
59.00, 3
60.00, 3
61.00, 3
62.00, 3
63.00, 3
64.00, 3
65.00, 3
66.00, 3
67.00, 3
68.00, 3
69.00, 3
70.00, 3
71.00, 3
72.00, 3
73.00, 3
74.00, 3
75.00, 3
76.00, 3
77.00, 3
78.00, 3
79.00, 3
80.00, 3
81.00, 3
82.00, 3
83.00, 3
84.00, 3
85.00, 3
86.00, 3
87.00, 3
88.00, 3
89.00, 3
90.00, 3
91.00, 3
92.00, 3
93.00, 3
94.00, 3
95.00, 3
96.00, 3
97.00, 3
98.00, 3
99.00, 3
100.00, 3
101.00, 3
102.00, 3
103.00, 3
104.00, 3
105.00, 3
106.00, 3
107.00, 3
108.00, 3
109.00, 3
110.00, 3
111.00, 3
112.00, 3
113.00, 3
114.00, 3
115.00, 3
116.00, 3
117.00, 3
118.00, 3
119.00, 3
120.00, 3
121.00, 3
122.00, 3
123.00, 3
124.00, 3
125.00, 3
126.00, 8
127.00, 8
128.00, 8
129.00, 8
130.00, 8
131.00, 8
132.00, 8
133.00, 8
134.00, 8
135.00, 8
136.00, 8
137.00, 8
138.00, 8
139.00, 8
140.00, 8
141.00, 8
142.00, 8
143.00, 8
144.00, 8
145.00, 8
146.00, 8
147.00, 8
148.00, 8
149.00, 8
150.00, 8
151.00, 8
152.00, 8
153.00, 4
154.00, 4
155.00, 4
156.00, 4
157.00, 4
158.00, 4
159.00, 4
160.00, 4
161.00, 4
162.00, 4
163.00, 4
164.00, 8
165.00, 8
166.00, 8
167.00, 8
168.00, 8
169.00, 8
170.00, 8
171.00, 8
172.00, 8
173.00, 8
174.00, 8
175.00, 8
176.00, 8
177.00, 8
178.00, 8
179.00, 8
180.00, 8
181.00, 8
182.00, 8
183.00, 8
184.00, 8
185.00, 8
186.00, 8
187.00, 8
188.00, 8
189.00, 8
190.00, 8
191.00, 8
192.00, 8
193.00, 8
194.00, 8
195.00, 8
196.00, 8
197.00, 8
198.00, 8
199.00, 8
200.00, 8
201.00, 8
202.00, 8
203.00, 8
204.00, 8
205.00, 8
206.00, 8
207.00, 8
208.00, 8
209.00, 8
210.00, 8
211.00, 8
212.00, 8
213.00, 8
214.00, 8
215.00, 8
216.00, 8
217.00, 8
218.00, 8
219.00, 8
220.00, 8
221.00, 8
222.00, 8
223.00, 8
224.00, 8
225.00, 8
226.00, 8
227.00, 8
228.00, 8
229.00, 8
230.00, 8
231.00, 8
232.00, 8
233.00, 8
234.00, 8
235.00, 8
236.00, 8
237.00, 8
238.00, 8
239.00, 8
240.00, 1
241.00, 1
242.00, 1
243.00, 1
244.00, 1
245.00, 1
246.00, 1
247.00, 1
248.00, 1
249.00, 1
250.00, 1
251.00, 1
252.00, 1
253.00, 1
254.00, 1
255.00, 1
256.00, 1
257.00, 1
258.00, 1
259.00, 1
260.00, 1
261.00, 1
262.00, 1
263.00, 1
264.00, 1
265.00, 1
266.00, 1
267.00, 1
268.00, 1
269.00, 1
270.00, 1
271.00, 1
272.00, 1
273.00, 1
274.00, 1
275.00, 1
276.00, 1
277.00, 1
278.00, 1
279.00, 1
280.00, 1
281.00, 1
282.00, 1
283.00, 1
284.00, 1
285.00, 1
286.00, 1
287.00, 1
288.00, 1
289.00, 1
290.00, 1
291.00, 1
292.00, 1
293.00, 1
294.00, 1
295.00, 1
296.00, 1
297.00, 1
298.00, 1
299.00, 1
300.00, 1
301.00, 1
302.00, 1
303.00, 1
304.00, 1
305.00, 1
306.00, 1
307.00, 1
308.00, 1
309.00, 1
310.00, 1
311.00, 1
312.00, 1
313.00, 1
314.00, 1
315.00, 1
316.00, 1
317.00, 1
318.00, 1
319.00, 1
320.00, 1
321.00, 1
322.00, 1
323.00, 1
324.00, 1
325.00, 1
326.00, 1
327.00, 1
328.00, 1
329.00, 1
330.00, 1
331.00, 1
332.00, 1
333.00, 1
334.00, 1
335.00, 1
336.00, 1
337.00, 1
338.00, 1
339.00, 1
340.00, 1
341.00, 1
342.00, 1
343.00, 1
344.00, 7
345.00, 7
346.00, 7
347.00, 7
348.00, 7
349.00, 7
350.00, 7
351.00, 7
352.00, 7
353.00, 7
354.00, 7
355.00, 7
356.00, 7
357.00, 7
358.00, 7
359.00, 7
360.00, 7
361.00, 7
362.00, 7
363.00, 7
364.00, 7
365.00, 7
366.00, 7
367.00, 7
368.00, 7
369.00, 7
370.00, 7
371.00, 7
372.00, 7
373.00, 7
374.00, 1
375.00, 1
376.00, 1
377.00, 1
378.00, 1
379.00, 1
380.00, 1
381.00, 1
382.00, 1
383.00, 1
384.00, 1
385.00, 1
386.00, 1
387.00, 1
388.00, 1
389.00, 1
390.00, 1
391.00, 1
392.00, 1
393.00, 1
394.00, 1
395.00, 1
396.00, 1
397.00, 1
398.00, 1
399.00, 1
400.00, 1
401.00, 1
402.00, 1
403.00, 1
404.00, 8
405.00, 8
406.00, 8
407.00, 8
408.00, 8
409.00, 8
410.00, 8
411.00, 8
412.00, 8
413.00, 8
414.00, 8
415.00, 8
416.00, 8
417.00, 8
418.00, 8
419.00, 8
420.00, 8
421.00, 8
422.00, 8
423.00, 8
424.00, 8
425.00, 8
426.00, 8
427.00, 8
428.00, 8
429.00, 8
430.00, 8
431.00, 8
432.00, 8
433.00, 8
434.00, 8
435.00, 8
436.00, 8
437.00, 8
438.00, 8
439.00, 8
440.00, 8
441.00, 8
442.00, 8
443.00, 8
444.00, 8
445.00, 8
446.00, 8
447.00, 8
448.00, 8
449.00, 8
450.00, 8
451.00, 8
452.00, 8
453.00, 8
454.00, 8
455.00, 8
456.00, 8
457.00, 8
458.00, 8
459.00, 8
460.00, 8
461.00, 8
462.00, 8
463.00, 8
464.00, 8
465.00, 8
466.00, 8
467.00, 8
468.00, 8
469.00, 8
470.00, 8
471.00, 8
472.00, 8
473.00, 8
474.00, 8
475.00, 8
476.00, 8
477.00, 8
478.00, 8
479.00, 8
480.00, 8
481.00, 8
482.00, 8
483.00, 8
484.00, 8
485.00, 8
486.00, 8
487.00, 8
488.00, 8
489.00, 8
490.00, 8
491.00, 8
492.00, 8
493.00, 8
494.00, 8
495.00, 8
496.00, 8
497.00, 3
498.00, 3
499.00, 3
500.00, 3
501.00, 3
502.00, 3
503.00, 3
504.00, 3
505.00, 3
506.00, 3
507.00, 3
508.00, 3
509.00, 3
510.00, 3
511.00, 3
512.00, 3
513.00, 3
514.00, 3
515.00, 3
516.00, 3
517.00, 3
518.00, 3
519.00, 3
520.00, 3
521.00, 3
522.00, 3
523.00, 3
524.00, 3
525.00, 3
526.00, 3
527.00, 3
528.00, 3
529.00, 3
530.00, 8
531.00, 8
532.00, 8
533.00, 8
534.00, 8
535.00, 8
536.00, 8
537.00, 8
538.00, 8
539.00, 8
540.00, 8
541.00, 8
542.00, 8
543.00, 8
544.00, 8
545.00, 8
546.00, 8
547.00, 8
548.00, 8
549.00, 8
550.00, 4
551.00, 4
552.00, 4
553.00, 4
554.00, 4
555.00, 4
556.00, 4
557.00, 4
558.00, 4
559.00, 4
560.00, 8
561.00, 8
562.00, 8
563.00, 8
564.00, 8
565.00, 8
566.00, 8
567.00, 8
568.00, 8
569.00, 8
570.00, 8
571.00, 8
572.00, 8
573.00, 8
574.00, 8
575.00, 8
576.00, 8
577.00, 8
578.00, 8
579.00, 8
580.00, 8
581.00, 8
582.00, 8
583.00, 8
584.00, 8
585.00, 8
586.00, 8
587.00, 8
588.00, 8
589.00, 8
590.00, 8
591.00, 8
592.00, 8
593.00, 8
594.00, 8
595.00, 8
596.00, 8
597.00, 1
598.00, 1
599.00, 1
600.00, 1
601.00, 1
602.00, 1
603.00, 1
604.00, 1
605.00, 1
606.00, 1
607.00, 1
608.00, 1
609.00, 1
610.00, 1
611.00, 1
612.00, 1
613.00, 1
614.00, 4
615.00, 4
616.00, 4
617.00, 4
618.00, 4
619.00, 4
620.00, 4
621.00, 4
622.00, 4
623.00, 4
624.00, 4
625.00, 4
626.00, 4
627.00, 4
628.00, 4
629.00, 4
630.00, 4
631.00, 4
632.00, 4
633.00, 4
634.00, 4
635.00, 4
636.00, 4
637.00, 4
638.00, 4
639.00, 4
640.00, 4
641.00, 4
642.00, 4
643.00, 4
644.00, 4
645.00, 4
646.00, 4
647.00, 4
648.00, 4
649.00, 4
650.00, 4
651.00, 4
652.00, 4
653.00, 4
654.00, 4
655.00, 4
656.00, 4
657.00, 4
658.00, 4
659.00, 4
660.00, 4
661.00, 4
662.00, 4
663.00, 4
664.00, 4
665.00, 4
666.00, 4
667.00, 4
668.00, 4
669.00, 4
670.00, 4
671.00, 4
672.00, 4
673.00, 4
674.00, 4
675.00, 4
676.00, 4
677.00, 4
678.00, 4
679.00, 4
680.00, 4
681.00, 4
682.00, 4
683.00, 4
684.00, 4
685.00, 4
686.00, 4
687.00, 4
688.00, 4
689.00, 4
690.00, 4
691.00, 4
692.00, 4
693.00, 4
694.00, 4
695.00, 4
696.00, 4
697.00, 4
698.00, 4
699.00, 4
700.00, 4
701.00, 4
702.00, 4
703.00, 4
704.00, 4
705.00, 4
706.00, 4
707.00, 4
708.00, 4
709.00, 4
710.00, 4
711.00, 4
712.00, 4
713.00, 4
714.00, 4
715.00, 4
716.00, 4
717.00, 4
718.00, 4
719.00, 4
720.00, 4
721.00, 4
722.00, 4
723.00, 4
724.00, 4
725.00, 4
726.00, 4
727.00, 4
728.00, 4
729.00, 4
730.00, 4
731.00, 4
732.00, 4
733.00, 4
734.00, 0
735.00, 8
736.00, 8
737.00, 8
738.00, 8
739.00, 8
740.00, 8
741.00, 8
742.00, 8
743.00, 8
744.00, 8
745.00, 8
746.00, 8
747.00, 8
748.00, 8
749.00, 8
750.00, 8
751.00, 8
752.00, 8
753.00, 1
754.00, 1
755.00, 1
756.00, 1
757.00, 1
758.00, 1
759.00, 1
760.00, 1
761.00, 1
762.00, 1
763.00, 1
764.00, 1
765.00, 1
766.00, 1
767.00, 1
768.00, 1
769.00, 1
770.00, 1
771.00, 1
772.00, 1
773.00, 1
774.00, 1
775.00, 1
776.00, 1
777.00, 1
778.00, 1
779.00, 1
780.00, 1
781.00, 1
782.00, 1
783.00, 8
784.00, 8
785.00, 8
786.00, 8
787.00, 8
788.00, 8
789.00, 8
790.00, 8
791.00, 8
792.00, 8
793.00, 8
794.00, 8
795.00, 8
796.00, 8
797.00, 8
798.00, 8
799.00, 8
800.00, 8
801.00, 8
802.00, 8
803.00, 8
804.00, 8
805.00, 8
806.00, 8
807.00, 8
808.00, 8
809.00, 8
810.00, 8
811.00, 8
812.00, 8
813.00, 8
814.00, 8
815.00, 8
816.00, 8
817.00, 8
818.00, 8
819.00, 8
820.00, 8
821.00, 8
822.00, 8
823.00, 8
824.00, 8
825.00, 8
826.00, 8
827.00, 8
828.00, 8
829.00, 8
830.00, 8
831.00, 8
832.00, 8
833.00, 8
834.00, 8
835.00, 8
836.00, 8
837.00, 8
838.00, 8
839.00, 8
840.00, 8
841.00, 8
842.00, 8
843.00, 8
844.00, 8
845.00, 8
846.00, 8
847.00, 8
848.00, 8
849.00, 8
850.00, 8
851.00, 8
852.00, 8
853.00, 4
854.00, 4
855.00, 4
856.00, 4
857.00, 4
858.00, 4
859.00, 4
860.00, 4
861.00, 4
862.00, 4
863.00, 1
864.00, 1
865.00, 1
866.00, 1
867.00, 1
868.00, 1
869.00, 1
870.00, 1
871.00, 1
872.00, 1
873.00, 1
874.00, 1
875.00, 1
876.00, 1
877.00, 1
878.00, 1
879.00, 1
880.00, 1
881.00, 1
882.00, 1
883.00, 1
884.00, 1
885.00, 1
886.00, 1
887.00, 1
888.00, 1
889.00, 1
890.00, 1
891.00, 1
892.00, 1
893.00, 1
894.00, 1
895.00, 1
896.00, 1
897.00, 1
898.00, 1
899.00, 1
900.00, 1
901.00, 1
902.00, 1
903.00, 1
904.00, 1
905.00, 1
906.00, 1
907.00, 1
908.00, 1
909.00, 1
910.00, 1
911.00, 1
912.00, 1
913.00, 1
914.00, 1
915.00, 1
916.00, 1
917.00, 1
918.00, 1
919.00, 1
920.00, 1
921.00, 1
922.00, 1
923.00, 1
924.00, 1
925.00, 1
926.00, 7
927.00, 7
928.00, 7
929.00, 7
930.00, 7
931.00, 7
932.00, 7
933.00, 7
934.00, 7
935.00, 7
936.00, 7
937.00, 7
938.00, 7
939.00, 7
940.00, 7
941.00, 7
942.00, 7
943.00, 6
944.00, 6
945.00, 6
946.00, 6
947.00, 6
948.00, 6
949.00, 6
950.00, 6
951.00, 6
952.00, 6
953.00, 6
954.00, 6
955.00, 6
956.00, 6
957.00, 6
958.00, 6
959.00, 6
960.00, 4
961.00, 4
962.00, 4
963.00, 4
964.00, 4
965.00, 4
966.00, 4
967.00, 4
968.00, 4
969.00, 4
970.00, 4
971.00, 4
972.00, 4
973.00, 4
974.00, 4
975.00, 4
976.00, 4
977.00, 4
978.00, 4
979.00, 4
980.00, 2
981.00, 2
982.00, 2
983.00, 2
984.00, 2
985.00, 2
986.00, 2
987.00, 2
988.00, 2
989.00, 2
990.00, 2
991.00, 2
992.00, 2
993.00, 2
994.00, 2
995.00, 2
996.00, 2
997.00, 2
998.00, 2
999.00, 2