0.00, 1
1.00, 1
2.00, 1
3.00, 1
4.00, 1
5.00, 1
6.00, 1
7.00, 1
8.00, 1
9.00, 1
10.00, 1
11.00, 1
12.00, 1
13.00, 1
14.00, 1
15.00, 1
16.00, 1
17.00, 1
18.00, 1
19.00, 1
20.00, 1
21.00, 1
22.00, 1
23.00, 1
24.00, 1
25.00, 1
26.00, 1
27.00, 1
28.00, 1
29.00, 1
30.00, 1
31.00, 1
32.00, 1
33.00, 1
34.00, 1
35.00, 1
36.00, 1
37.00, 1
38.00, 1
39.00, 1
40.00, 1
41.00, 1
42.00, 1
43.00, 1
44.00, 1
45.00, 1
46.00, 1
47.00, 1
48.00, 1
49.00, 1
50.00, 1
51.00, 1
52.00, 1
53.00, 1
54.00, 1
55.00, 1
56.00, 1
57.00, 1
58.00, 1
59.00, 1
60.00, 1
61.00, 1
62.00, 1
63.00, 1
64.00, 1
65.00, 1
66.00, 1
67.00, 1
68.00, 1
69.00, 1
70.00, 1
71.00, 1
72.00, 1
73.00, 1
74.00, 1
75.00, 1
76.00, 1
77.00, 1
78.00, 1
79.00, 1
80.00, 1
81.00, 1
82.00, 7
83.00, 7
84.00, 7
85.00, 7
86.00, 7
87.00, 7
88.00, 7
89.00, 7
90.00, 7
91.00, 7
92.00, 7
93.00, 7
94.00, 7
95.00, 7
96.00, 7
97.00, 7
98.00, 7
99.00, 7
100.00, 7
101.00, 7
102.00, 7
103.00, 7
104.00, 7
105.00, 7
106.00, 7
107.00, 7
108.00, 7
109.00, 7
110.00, 7
111.00, 7
112.00, 7
113.00, 7
114.00, 7
115.00, 7
116.00, 7
117.00, 7
118.00, 7
119.00, 7
120.00, 7
121.00, 7
122.00, 7
123.00, 7
124.00, 7
125.00, 7
126.00, 7
127.00, 7
128.00, 7
129.00, 7
130.00, 7
131.00, 7
132.00, 7
133.00, 7
134.00, 7
135.00, 7
136.00, 7
137.00, 7
138.00, 7
139.00, 7
140.00, 7
141.00, 7
142.00, 7
143.00, 7
144.00, 7
145.00, 7
146.00, 7
147.00, 7
148.00, 7
149.00, 7
150.00, 7
151.00, 7
152.00, 7
153.00, 7
154.00, 7
155.00, 7
156.00, 7
157.00, 7
158.00, 7
159.00, 7
160.00, 7
161.00, 7
162.00, 7
163.00, 7
164.00, 7
165.00, 7
166.00, 7
167.00, 7
168.00, 7
169.00, 7
170.00, 7
171.00, 7
172.00, 7
173.00, 7
174.00, 7
175.00, 1
176.00, 1
177.00, 1
178.00, 1
179.00, 1
180.00, 1
181.00, 1
182.00, 1
183.00, 1
184.00, 7
185.00, 7
186.00, 7
187.00, 7
188.00, 7
189.00, 7
190.00, 7
191.00, 7
192.00, 7
193.00, 7
194.00, 7
195.00, 7
196.00, 7
197.00, 7
198.00, 7
199.00, 7
200.00, 7
201.00, 7
202.00, 7
203.00, 7
204.00, 7
205.00, 7
206.00, 7
207.00, 7
208.00, 7
209.00, 7
210.00, 7
211.00, 7
212.00, 7
213.00, 7
214.00, 7
215.00, 7
216.00, 7
217.00, 7
218.00, 7
219.00, 7
220.00, 7
221.00, 7
222.00, 7
223.00, 7
224.00, 7
225.00, 7
226.00, 7
227.00, 7
228.00, 7
229.00, 7
230.00, 7
231.00, 7
232.00, 7
233.00, 7
234.00, 7
235.00, 7
236.00, 7
237.00, 7
238.00, 7
239.00, 7
240.00, 7
241.00, 7
242.00, 7
243.00, 7
244.00, 7
245.00, 7
246.00, 7
247.00, 7
248.00, 7
249.00, 7
250.00, 7
251.00, 7
252.00, 7
253.00, 7
254.00, 7
255.00, 7
256.00, 7
257.00, 7
258.00, 7
259.00, 7
260.00, 7
261.00, 7
262.00, 7
263.00, 7
264.00, 7
265.00, 7
266.00, 7
267.00, 7
268.00, 7
269.00, 7
270.00, 7
271.00, 7
272.00, 7
273.00, 7
274.00, 7
275.00, 7
276.00, 7
277.00, 7
278.00, 7
279.00, 7
280.00, 7
281.00, 7
282.00, 7
283.00, 7
284.00, 7
285.00, 7
286.00, 7
287.00, 7
288.00, 7
289.00, 1
290.00, 1
291.00, 1
292.00, 1
293.00, 1
294.00, 1
295.00, 1
296.00, 1
297.00, 1
298.00, 1
299.00, 1
300.00, 1
301.00, 1
302.00, 1
303.00, 1
304.00, 1
305.00, 1
306.00, 1
307.00, 1
308.00, 1
309.00, 1
310.00, 1
311.00, 1
312.00, 1
313.00, 1
314.00, 1
315.00, 1
316.00, 1
317.00, 1
318.00, 1
319.00, 7
320.00, 7
321.00, 7
322.00, 7
323.00, 7
324.00, 7
325.00, 7
326.00, 7
327.00, 7
328.00, 7
329.00, 7
330.00, 7
331.00, 7
332.00, 7
333.00, 7
334.00, 7
335.00, 7
336.00, 7
337.00, 7
338.00, 7
339.00, 7
340.00, 7
341.00, 7
342.00, 7
343.00, 7
344.00, 7
345.00, 7
346.00, 7
347.00, 7
348.00, 7
349.00, 7
350.00, 7
351.00, 7
352.00, 7
353.00, 7
354.00, 7
355.00, 7
356.00, 7
357.00, 7
358.00, 7
359.00, 7
360.00, 7
361.00, 7
362.00, 7
363.00, 7
364.00, 7
365.00, 7
366.00, 7
367.00, 7
368.00, 7
369.00, 7
370.00, 7
371.00, 7
372.00, 7
373.00, 7
374.00, 7
375.00, 7
376.00, 7
377.00, 7
378.00, 7
379.00, 7
380.00, 7
381.00, 7
382.00, 7
383.00, 7
384.00, 7
385.00, 7
386.00, 7
387.00, 6
388.00, 6
389.00, 6
390.00, 6
391.00, 6
392.00, 6
393.00, 6
394.00, 6
395.00, 6
396.00, 6
397.00, 6
398.00, 6
399.00, 6
400.00, 6
401.00, 6
402.00, 6
403.00, 6
404.00, 6
405.00, 6
406.00, 6
407.00, 6
408.00, 6
409.00, 6
410.00, 6
411.00, 6
412.00, 6
413.00, 6
414.00, 6
415.00, 6
416.00, 6
417.00, 6
418.00, 6
419.00, 6
420.00, 6
421.00, 6
422.00, 6
423.00, 6
424.00, 6
425.00, 6
426.00, 6
427.00, 6
428.00, 6
429.00, 0
430.00, 0
431.00, 0
432.00, 0
433.00, 0
434.00, 0
435.00, 0
436.00, 0
437.00, 0
438.00, 0
439.00, 0
440.00, 0
441.00, 0
442.00, 0
443.00, 0
444.00, 0
445.00, 0
446.00, 0
447.00, 0
448.00, 0
449.00, 0
450.00, 0
451.00, 0
452.00, 0
453.00, 0
454.00, 0
455.00, 0
456.00, 0
457.00, 0
458.00, 0
459.00, 0
460.00, 0
461.00, 0
462.00, 0
463.00, 0
464.00, 0
465.00, 0
466.00, 0
467.00, 0
468.00, 0
469.00, 0
470.00, 0
471.00, 0
472.00, 0
473.00, 0
474.00, 0
475.00, 0
476.00, 0
477.00, 0
478.00, 0
479.00, 0
480.00, 0
481.00, 0
482.00, 0
483.00, 0
484.00, 0
485.00, 0
486.00, 0
487.00, 0
488.00, 0
489.00, 0
490.00, 0
491.00, 0
492.00, 0
493.00, 0
494.00, 0
495.00, 0
496.00, 0
497.00, 0
498.00, 0
499.00, 0
500.00, 0
501.00, 0
502.00, 0
503.00, 0
504.00, 0
505.00, 0
506.00, 0
507.00, 0
508.00, 0
509.00, 0
510.00, 0
511.00, 0
512.00, 0
513.00, 0
514.00, 0
515.00, 0
516.00, 0
517.00, 0
518.00, 0
519.00, 0
520.00, 0
521.00, 0
522.00, 0
523.00, 0
524.00, 0
525.00, 0
526.00, 0
527.00, 0
528.00, 0
529.00, 0
530.00, 0
531.00, 0
532.00, 0
533.00, 0
534.00, 0
535.00, 0
536.00, 0
537.00, 0
538.00, 0
539.00, 0
540.00, 0
541.00, 0
542.00, 0
543.00, 0
544.00, 0
545.00, 0
546.00, 0
547.00, 0
548.00, 0
549.00, 0
550.00, 0
551.00, 0
552.00, 0
553.00, 0
554.00, 0
555.00, 0
556.00, 0
557.00, 0
558.00, 0
559.00, 0
560.00, 0
561.00, 0
562.00, 0
563.00, 0
564.00, 0
565.00, 0
566.00, 2
567.00, 2
568.00, 2
569.00, 2
570.00, 2
571.00, 2
572.00, 2
573.00, 2
574.00, 2
575.00, 2
576.00, 2
577.00, 2
578.00, 2
579.00, 2
580.00, 2
581.00, 2
582.00, 2
583.00, 2
584.00, 2
585.00, 2
586.00, 2
587.00, 2
588.00, 2
589.00, 2
590.00, 2
591.00, 2
592.00, 2
593.00, 2
594.00, 2
595.00, 2
596.00, 2
597.00, 2
598.00, 2
599.00, 2
600.00, 2
601.00, 2
602.00, 2
603.00, 2
604.00, 2
605.00, 2
606.00, 2
607.00, 2
608.00, 2
609.00, 2
610.00, 2
611.00, 2
612.00, 2
613.00, 2
614.00, 2
615.00, 2
616.00, 2
617.00, 2
618.00, 2
619.00, 2
620.00, 2
621.00, 2
622.00, 2
623.00, 2
624.00, 2
625.00, 2
626.00, 2
627.00, 2
628.00, 2
629.00, 2
630.00, 2
631.00, 2
632.00, 2
633.00, 2
634.00, 2
635.00, 2
636.00, 2
637.00, 2
638.00, 2
639.00, 2
640.00, 2
641.00, 2
642.00, 2
643.00, 5
644.00, 5
645.00, 5
646.00, 5
647.00, 5
648.00, 5
649.00, 5
650.00, 5
651.00, 5
652.00, 5
653.00, 5
654.00, 5
655.00, 5
656.00, 5
657.00, 5
658.00, 5
659.00, 5
660.00, 5
661.00, 5
662.00, 5
663.00, 5
664.00, 5
665.00, 5
666.00, 5
667.00, 5
668.00, 5
669.00, 5
670.00, 5
671.00, 5
672.00, 5
673.00, 5
674.00, 5
675.00, 5
676.00, 5
677.00, 5
678.00, 5
679.00, 5
680.00, 5
681.00, 5
682.00, 5
683.00, 5
684.00, 5
685.00, 5
686.00, 5
687.00, 5
688.00, 5
689.00, 5
690.00, 5
691.00, 5
692.00, 5
693.00, 5
694.00, 5
695.00, 5
696.00, 5
697.00, 5
698.00, 5
699.00, 5
700.00, 5
701.00, 5
702.00, 5
703.00, 5
704.00, 5
705.00, 5
706.00, 5
707.00, 5
708.00, 5
709.00, 5
710.00, 5
711.00, 5
712.00, 5
713.00, 5
714.00, 5
715.00, 5
716.00, 5
717.00, 5
718.00, 5
719.00, 5
720.00, 3
721.00, 3
722.00, 3
723.00, 3
724.00, 3
725.00, 3
726.00, 3
727.00, 3
728.00, 3
729.00, 3
730.00, 3
731.00, 3
732.00, 3
733.00, 3
734.00, 3
735.00, 3
736.00, 3
737.00, 3
738.00, 3
739.00, 3
740.00, 3
741.00, 3
742.00, 3
743.00, 3
744.00, 3
745.00, 3
746.00, 3
747.00, 3
748.00, 3
749.00, 3
750.00, 3
751.00, 3
752.00, 3
753.00, 3
754.00, 3
755.00, 3
756.00, 3
757.00, 3
758.00, 3
759.00, 3
760.00, 3
761.00, 3
762.00, 3
763.00, 3
764.00, 3
765.00, 3
766.00, 3
767.00, 3
768.00, 3
769.00, 3
770.00, 3
771.00, 3
772.00, 3
773.00, 3
774.00, 3
775.00, 3
776.00, 3
777.00, 3
778.00, 3
779.00, 3
780.00, 3
781.00, 3
782.00, 3
783.00, 3
784.00, 3
785.00, 3
786.00, 3
787.00, 3
788.00, 3
789.00, 3
790.00, 3
791.00, 3
792.00, 3
793.00, 3
794.00, 3
795.00, 5
796.00, 5
797.00, 5
798.00, 5
799.00, 5
800.00, 5
801.00, 5
802.00, 5
803.00, 5
804.00, 5
805.00, 5
806.00, 5
807.00, 5
808.00, 5
809.00, 5
810.00, 5
811.00, 5
812.00, 5
813.00, 5
814.00, 5
815.00, 5
816.00, 5
817.00, 5
818.00, 5
819.00, 5
820.00, 5
821.00, 5
822.00, 5
823.00, 5
824.00, 5
825.00, 5
826.00, 5
827.00, 5
828.00, 5
829.00, 5
830.00, 5
831.00, 5
832.00, 5
833.00, 5
834.00, 5
835.00, 5
836.00, 5
837.00, 5
838.00, 5
839.00, 5
840.00, 5
841.00, 5
842.00, 5
843.00, 5
844.00, 5
845.00, 5
846.00, 5
847.00, 5
848.00, 5
849.00, 5
850.00, 5
851.00, 5
852.00, 5
853.00, 5
854.00, 5
855.00, 5
856.00, 5
857.00, 5
858.00, 5
859.00, 5
860.00, 5
861.00, 5
862.00, 5
863.00, 5
864.00, 5
865.00, 5
866.00, 5
867.00, 5
868.00, 5
869.00, 5
870.00, 5
871.00, 5
872.00, 3
873.00, 3
874.00, 3
875.00, 3
876.00, 3
877.00, 3
878.00, 3
879.00, 3
880.00, 3
881.00, 3
882.00, 3
883.00, 3
884.00, 3
885.00, 3
886.00, 3
887.00, 3
888.00, 3
889.00, 3
890.00, 3
891.00, 3
892.00, 3
893.00, 3
894.00, 3
895.00, 3
896.00, 3
897.00, 3
898.00, 3
899.00, 3
900.00, 3
901.00, 3
902.00, 3
903.00, 3
904.00, 3
905.00, 3
906.00, 3
907.00, 3
908.00, 3
909.00, 3
910.00, 3
911.00, 3
912.00, 3
913.00, 3
914.00, 3
915.00, 3
916.00, 3
917.00, 3
918.00, 3
919.00, 3
920.00, 3
921.00, 3
922.00, 3
923.00, 3
924.00, 5
925.00, 5
926.00, 5
927.00, 5
928.00, 5
929.00, 5
930.00, 5
931.00, 5
932.00, 5
933.00, 5
934.00, 5
935.00, 5
936.00, 5
937.00, 5
938.00, 5
939.00, 5
940.00, 5
941.00, 5
942.00, 5
943.00, 5
944.00, 5
945.00, 5
946.00, 5
947.00, 5
948.00, 5
949.00, 5
950.00, 5
951.00, 5
952.00, 5
953.00, 5
954.00, 5
955.00, 5
956.00, 5
957.00, 5
958.00, 5
959.00, 5
960.00, 5
961.00, 5
962.00, 5
963.00, 5
964.00, 5
965.00, 5
966.00, 5
967.00, 5
968.00, 5
969.00, 5
970.00, 5
971.00, 5
972.00, 5
973.00, 5
974.00, 5
975.00, 5
976.00, 5
977.00, 5
978.00, 5
979.00, 5
980.00, 5
981.00, 5
982.00, 5
983.00, 5
984.00, 5
985.00, 5
986.00, 5
987.00, 5
988.00, 5
989.00, 5
990.00, 5
991.00, 5
992.00, 5
993.00, 5
994.00, 5
995.00, 5
996.00, 5
997.00, 5
998.00, 5
999.00, 5