0.00, 7
1.00, 7
2.00, 7
3.00, 7
4.00, 7
5.00, 7
6.00, 7
7.00, 7
8.00, 7
9.00, 7
10.00, 7
11.00, 7
12.00, 7
13.00, 7
14.00, 7
15.00, 7
16.00, 7
17.00, 7
18.00, 7
19.00, 7
20.00, 7
21.00, 7
22.00, 7
23.00, 7
24.00, 7
25.00, 7
26.00, 7
27.00, 7
28.00, 7
29.00, 7
30.00, 7
31.00, 7
32.00, 7
33.00, 7
34.00, 7
35.00, 7
36.00, 1
37.00, 1
38.00, 1
39.00, 1
40.00, 1
41.00, 1
42.00, 1
43.00, 1
44.00, 1
45.00, 1
46.00, 1
47.00, 1
48.00, 1
49.00, 1
50.00, 1
51.00, 1
52.00, 1
53.00, 1
54.00, 1
55.00, 1
56.00, 1
57.00, 0
58.00, 4
59.00, 4
60.00, 4
61.00, 4
62.00, 4
63.00, 4
64.00, 4
65.00, 4
66.00, 4
67.00, 4
68.00, 4
69.00, 4
70.00, 4
71.00, 4
72.00, 4
73.00, 4
74.00, 4
75.00, 4
76.00, 4
77.00, 4
78.00, 4
79.00, 4
80.00, 4
81.00, 4
82.00, 4
83.00, 4
84.00, 4
85.00, 4
86.00, 4
87.00, 4
88.00, 4
89.00, 4
90.00, 4
91.00, 4
92.00, 4
93.00, 4
94.00, 4
95.00, 4
96.00, 4
97.00, 4
98.00, 4
99.00, 4
100.00, 4
101.00, 4
102.00, 4
103.00, 4
104.00, 4
105.00, 4
106.00, 4
107.00, 4
108.00, 4
109.00, 4
110.00, 4
111.00, 4
112.00, 4
113.00, 4
114.00, 4
115.00, 4
116.00, 4
117.00, 4
118.00, 4
119.00, 4
120.00, 4
121.00, 4
122.00, 4
123.00, 4
124.00, 4
125.00, 2
126.00, 2
127.00, 2
128.00, 2
129.00, 2
130.00, 2
131.00, 2
132.00, 2
133.00, 2
134.00, 2
135.00, 2
136.00, 2
137.00, 2
138.00, 2
139.00, 2
140.00, 2
141.00, 2
142.00, 2
143.00, 2
144.00, 2
145.00, 2
146.00, 2
147.00, 2
148.00, 2
149.00, 2
150.00, 2
151.00, 2
152.00, 2
153.00, 2
154.00, 2
155.00, 2
156.00, 2
157.00, 2
158.00, 2
159.00, 2
160.00, 2
161.00, 2
162.00, 2
163.00, 2
164.00, 2
165.00, 0
166.00, 0
167.00, 0
168.00, 0
169.00, 0
170.00, 0
171.00, 0
172.00, 0
173.00, 0
174.00, 0
175.00, 0
176.00, 0
177.00, 0
178.00, 0
179.00, 0
180.00, 0
181.00, 0
182.00, 0
183.00, 0
184.00, 0
185.00, 0
186.00, 0
187.00, 0
188.00, 0
189.00, 0
190.00, 0
191.00, 0
192.00, 0
193.00, 5
194.00, 2
195.00, 2
196.00, 2
197.00, 2
198.00, 2
199.00, 2
200.00, 2
201.00, 2
202.00, 2
203.00, 2
204.00, 2
205.00, 2
206.00, 2
207.00, 2
208.00, 2
209.00, 2
210.00, 2
211.00, 2
212.00, 2
213.00, 2
214.00, 2
215.00, 2
216.00, 2
217.00, 2
218.00, 2
219.00, 2
220.00, 2
221.00, 2
222.00, 2
223.00, 2
224.00, 2
225.00, 2
226.00, 2
227.00, 2
228.00, 2
229.00, 2
230.00, 2
231.00, 2
232.00, 2
233.00, 2
234.00, 2
235.00, 2
236.00, 2
237.00, 2
238.00, 2
239.00, 2
240.00, 2
241.00, 2
242.00, 2
243.00, 2
244.00, 2
245.00, 0
246.00, 0
247.00, 0
248.00, 0
249.00, 0
250.00, 0
251.00, 0
252.00, 0
253.00, 0
254.00, 0
255.00, 0
256.00, 0
257.00, 0
258.00, 0
259.00, 0
260.00, 0
261.00, 0
262.00, 0
263.00, 0
264.00, 0
265.00, 0
266.00, 0
267.00, 0
268.00, 0
269.00, 0
270.00, 0
271.00, 0
272.00, 0
273.00, 0
274.00, 0
275.00, 0
276.00, 0
277.00, 0
278.00, 0
279.00, 0
280.00, 6
281.00, 6
282.00, 6
283.00, 6
284.00, 6
285.00, 6
286.00, 6
287.00, 6
288.00, 6
289.00, 6
290.00, 6
291.00, 6
292.00, 6
293.00, 6
294.00, 6
295.00, 6
296.00, 6
297.00, 6
298.00, 6
299.00, 6
300.00, 6
301.00, 6
302.00, 6
303.00, 6
304.00, 6
305.00, 6
306.00, 6
307.00, 6
308.00, 6
309.00, 6
310.00, 6
311.00, 6
312.00, 6
313.00, 6
314.00, 6
315.00, 6
316.00, 6
317.00, 6
318.00, 6
319.00, 6
320.00, 6
321.00, 6
322.00, 6
323.00, 6
324.00, 6
325.00, 6
326.00, 6
327.00, 6
328.00, 6
329.00, 6
330.00, 6
331.00, 6
332.00, 6
333.00, 6
334.00, 6
335.00, 6
336.00, 6
337.00, 6
338.00, 6
339.00, 6
340.00, 6
341.00, 6
342.00, 6
343.00, 6
344.00, 6
345.00, 6
346.00, 6
347.00, 6
348.00, 6
349.00, 6
350.00, 6
351.00, 6
352.00, 6
353.00, 6
354.00, 6
355.00, 6
356.00, 6
357.00, 6
358.00, 6
359.00, 0
360.00, 0
361.00, 0
362.00, 0
363.00, 0
364.00, 0
365.00, 0
366.00, 0
367.00, 0
368.00, 0
369.00, 0
370.00, 0
371.00, 0
372.00, 0
373.00, 0
374.00, 0
375.00, 2
376.00, 2
377.00, 2
378.00, 2
379.00, 2
380.00, 2
381.00, 2
382.00, 2
383.00, 2
384.00, 2
385.00, 2
386.00, 2
387.00, 2
388.00, 2
389.00, 2
390.00, 2
391.00, 2
392.00, 2
393.00, 2
394.00, 2
395.00, 2
396.00, 2
397.00, 2
398.00, 2
399.00, 2
400.00, 2
401.00, 2
402.00, 2
403.00, 2
404.00, 2
405.00, 2
406.00, 2
407.00, 2
408.00, 2
409.00, 2
410.00, 2
411.00, 4
412.00, 4
413.00, 4
414.00, 4
415.00, 4
416.00, 4
417.00, 4
418.00, 4
419.00, 4
420.00, 4
421.00, 4
422.00, 4
423.00, 4
424.00, 4
425.00, 4
426.00, 4
427.00, 4
428.00, 4
429.00, 4
430.00, 4
431.00, 4
432.00, 4
433.00, 4
434.00, 4
435.00, 4
436.00, 4
437.00, 4
438.00, 4
439.00, 4
440.00, 4
441.00, 4
442.00, 4
443.00, 4
444.00, 4
445.00, 4
446.00, 4
447.00, 4
448.00, 4
449.00, 4
450.00, 4
451.00, 4
452.00, 4
453.00, 4
454.00, 4
455.00, 4
456.00, 4
457.00, 4
458.00, 4
459.00, 4
460.00, 4
461.00, 4
462.00, 4
463.00, 4
464.00, 4
465.00, 4
466.00, 4
467.00, 4
468.00, 4
469.00, 4
470.00, 4
471.00, 4
472.00, 4
473.00, 4
474.00, 4
475.00, 4
476.00, 4
477.00, 4
478.00, 4
479.00, 4
480.00, 4
481.00, 4
482.00, 4
483.00, 4
484.00, 4
485.00, 4
486.00, 4
487.00, 4
488.00, 4
489.00, 4
490.00, 6
491.00, 6
492.00, 6
493.00, 6
494.00, 6
495.00, 6
496.00, 6
497.00, 6
498.00, 6
499.00, 6
500.00, 6
501.00, 6
502.00, 6
503.00, 6
504.00, 6
505.00, 6
506.00, 6
507.00, 6
508.00, 6
509.00, 6
510.00, 6
511.00, 6
512.00, 6
513.00, 7
514.00, 7
515.00, 7
516.00, 7
517.00, 7
518.00, 7
519.00, 7
520.00, 7
521.00, 7
522.00, 7
523.00, 7
524.00, 7
525.00, 7
526.00, 7
527.00, 7
528.00, 7
529.00, 7
530.00, 7
531.00, 7
532.00, 7
533.00, 7
534.00, 7
535.00, 7
536.00, 7
537.00, 7
538.00, 7
539.00, 7
540.00, 7
541.00, 7
542.00, 7
543.00, 7
544.00, 7
545.00, 7
546.00, 7
547.00, 7
548.00, 7
549.00, 7
550.00, 7
551.00, 7
552.00, 7
553.00, 7
554.00, 7
555.00, 7
556.00, 7
557.00, 7
558.00, 7
559.00, 7
560.00, 7
561.00, 7
562.00, 7
563.00, 7
564.00, 7
565.00, 7
566.00, 7
567.00, 7
568.00, 7
569.00, 7
570.00, 7
571.00, 7
572.00, 7
573.00, 7
574.00, 7
575.00, 7
576.00, 7
577.00, 7
578.00, 7
579.00, 7
580.00, 7
581.00, 7
582.00, 7
583.00, 7
584.00, 7
585.00, 7
586.00, 7
587.00, 7
588.00, 7
589.00, 7
590.00, 7
591.00, 7
592.00, 7
593.00, 7
594.00, 7
595.00, 7
596.00, 6
597.00, 6
598.00, 6
599.00, 6
600.00, 6
601.00, 6
602.00, 6
603.00, 6
604.00, 6
605.00, 6
606.00, 6
607.00, 6
608.00, 6
609.00, 6
610.00, 6
611.00, 6
612.00, 6
613.00, 6
614.00, 6
615.00, 6
616.00, 6
617.00, 6
618.00, 6
619.00, 6
620.00, 6
621.00, 6
622.00, 6
623.00, 6
624.00, 6
625.00, 6
626.00, 6
627.00, 6
628.00, 6
629.00, 6
630.00, 6
631.00, 6
632.00, 6
633.00, 6
634.00, 6
635.00, 6
636.00, 6
637.00, 6
638.00, 6
639.00, 6
640.00, 6
641.00, 6
642.00, 6
643.00, 6
644.00, 6
645.00, 6
646.00, 6
647.00, 6
648.00, 6
649.00, 6
650.00, 6
651.00, 6
652.00, 6
653.00, 7
654.00, 7
655.00, 7
656.00, 7
657.00, 7
658.00, 7
659.00, 7
660.00, 7
661.00, 7
662.00, 7
663.00, 7
664.00, 7
665.00, 7
666.00, 7
667.00, 7
668.00, 7
669.00, 7
670.00, 7
671.00, 7
672.00, 7
673.00, 7
674.00, 7
675.00, 7
676.00, 7
677.00, 7
678.00, 7
679.00, 7
680.00, 7
681.00, 7
682.00, 7
683.00, 7
684.00, 7
685.00, 7
686.00, 7
687.00, 7
688.00, 7
689.00, 7
690.00, 7
691.00, 7
692.00, 7
693.00, 7
694.00, 7
695.00, 7
696.00, 7
697.00, 7
698.00, 7
699.00, 7
700.00, 7
701.00, 7
702.00, 7
703.00, 7
704.00, 7
705.00, 7
706.00, 7
707.00, 7
708.00, 7
709.00, 7
710.00, 7
711.00, 7
712.00, 7
713.00, 7
714.00, 7
715.00, 7
716.00, 7
717.00, 7
718.00, 7
719.00, 7
720.00, 7
721.00, 7
722.00, 7
723.00, 7
724.00, 7
725.00, 7
726.00, 7
727.00, 7
728.00, 7
729.00, 7
730.00, 7
731.00, 7
732.00, 7
733.00, 7
734.00, 7
735.00, 7
736.00, 7
737.00, 7
738.00, 7
739.00, 7
740.00, 7
741.00, 7
742.00, 7
743.00, 7
744.00, 7
745.00, 7
746.00, 7
747.00, 7
748.00, 7
749.00, 7
750.00, 7
751.00, 7
752.00, 7
753.00, 7
754.00, 7
755.00, 7
756.00, 7
757.00, 7
758.00, 7
759.00, 7
760.00, 7
761.00, 7
762.00, 7
763.00, 7
764.00, 7
765.00, 7
766.00, 7
767.00, 7
768.00, 7
769.00, 7
770.00, 7
771.00, 7
772.00, 7
773.00, 7
774.00, 7
775.00, 7
776.00, 7
777.00, 7
778.00, 7
779.00, 7
780.00, 7
781.00, 7
782.00, 7
783.00, 6
784.00, 6
785.00, 6
786.00, 6
787.00, 6
788.00, 6
789.00, 6
790.00, 6
791.00, 6
792.00, 6
793.00, 6
794.00, 6
795.00, 6
796.00, 6
797.00, 6
798.00, 6
799.00, 6
800.00, 6
801.00, 6
802.00, 6
803.00, 6
804.00, 6
805.00, 6
806.00, 6
807.00, 6
808.00, 6
809.00, 6
810.00, 6
811.00, 6
812.00, 6
813.00, 6
814.00, 6
815.00, 6
816.00, 6
817.00, 6
818.00, 6
819.00, 6
820.00, 6
821.00, 6
822.00, 6
823.00, 6
824.00, 6
825.00, 6
826.00, 6
827.00, 6
828.00, 6
829.00, 6
830.00, 6
831.00, 6
832.00, 6
833.00, 6
834.00, 6
835.00, 6
836.00, 6
837.00, 6
838.00, 6
839.00, 6
840.00, 6
841.00, 6
842.00, 6
843.00, 6
844.00, 6
845.00, 6
846.00, 6
847.00, 6
848.00, 6
849.00, 6
850.00, 6
851.00, 6
852.00, 6
853.00, 6
854.00, 6
855.00, 6
856.00, 6
857.00, 6
858.00, 6
859.00, 6
860.00, 6
861.00, 6
862.00, 6
863.00, 6
864.00, 6
865.00, 6
866.00, 6
867.00, 6
868.00, 6
869.00, 6
870.00, 6
871.00, 6
872.00, 6
873.00, 6
874.00, 6
875.00, 6
876.00, 6
877.00, 6
878.00, 6
879.00, 6
880.00, 6
881.00, 6
882.00, 6
883.00, 6
884.00, 6
885.00, 6
886.00, 7
887.00, 7
888.00, 7
889.00, 7
890.00, 7
891.00, 7
892.00, 7
893.00, 7
894.00, 7
895.00, 7
896.00, 7
897.00, 7
898.00, 7
899.00, 7
900.00, 7
901.00, 7
902.00, 7
903.00, 7
904.00, 7
905.00, 7
906.00, 7
907.00, 7
908.00, 7
909.00, 7
910.00, 7
911.00, 7
912.00, 7
913.00, 7
914.00, 7
915.00, 7
916.00, 7
917.00, 7
918.00, 7
919.00, 7
920.00, 7
921.00, 7
922.00, 7
923.00, 7
924.00, 7
925.00, 7
926.00, 7
927.00, 7
928.00, 7
929.00, 7
930.00, 7
931.00, 7
932.00, 7
933.00, 7
934.00, 7
935.00, 7
936.00, 7
937.00, 7
938.00, 7
939.00, 7
940.00, 7
941.00, 7
942.00, 7
943.00, 7
944.00, 7
945.00, 7
946.00, 7
947.00, 7
948.00, 7
949.00, 7
950.00, 7
951.00, 7
952.00, 7
953.00, 7
954.00, 7
955.00, 7
956.00, 7
957.00, 7
958.00, 7
959.00, 7
960.00, 7
961.00, 7
962.00, 7
963.00, 7
964.00, 7
965.00, 7
966.00, 7
967.00, 7
968.00, 7
969.00, 7
970.00, 7
971.00, 7
972.00, 7
973.00, 7
974.00, 7
975.00, 7
976.00, 7
977.00, 7
978.00, 7
979.00, 6
980.00, 6
981.00, 6
982.00, 6
983.00, 6
984.00, 6
985.00, 6
986.00, 6
987.00, 6
988.00, 6
989.00, 6
990.00, 6
991.00, 6
992.00, 6
993.00, 6
994.00, 4
995.00, 4
996.00, 4
997.00, 4
998.00, 4
999.00, 4