0.00, 0
1.00, 0
2.00, 0
3.00, 0
4.00, 0
5.00, 0
6.00, 0
7.00, 0
8.00, 0
9.00, 0
10.00, 0
11.00, 0
12.00, 0
13.00, 0
14.00, 0
15.00, 0
16.00, 0
17.00, 0
18.00, 0
19.00, 0
20.00, 0
21.00, 0
22.00, 0
23.00, 0
24.00, 0
25.00, 0
26.00, 0
27.00, 0
28.00, 0
29.00, 0
30.00, 0
31.00, 0
32.00, 0
33.00, 0
34.00, 0
35.00, 0
36.00, 0
37.00, 0
38.00, 0
39.00, 0
40.00, 0
41.00, 0
42.00, 0
43.00, 0
44.00, 0
45.00, 0
46.00, 0
47.00, 0
48.00, 0
49.00, 0
50.00, 0
51.00, 0
52.00, 0
53.00, 0
54.00, 0
55.00, 0
56.00, 0
57.00, 0
58.00, 0
59.00, 0
60.00, 0
61.00, 0
62.00, 0
63.00, 0
64.00, 0
65.00, 2
66.00, 2
67.00, 2
68.00, 2
69.00, 2
70.00, 2
71.00, 2
72.00, 2
73.00, 2
74.00, 2
75.00, 2
76.00, 2
77.00, 2
78.00, 2
79.00, 2
80.00, 2
81.00, 2
82.00, 2
83.00, 2
84.00, 2
85.00, 2
86.00, 2
87.00, 2
88.00, 2
89.00, 2
90.00, 2
91.00, 2
92.00, 2
93.00, 2
94.00, 2
95.00, 2
96.00, 2
97.00, 2
98.00, 2
99.00, 2
100.00, 2
101.00, 2
102.00, 2
103.00, 2
104.00, 2
105.00, 2
106.00, 2
107.00, 2
108.00, 2
109.00, 2
110.00, 2
111.00, 2
112.00, 2
113.00, 2
114.00, 2
115.00, 2
116.00, 2
117.00, 2
118.00, 2
119.00, 2
120.00, 2
121.00, 2
122.00, 2
123.00, 2
124.00, 2
125.00, 2
126.00, 2
127.00, 2
128.00, 2
129.00, 2
130.00, 2
131.00, 2
132.00, 2
133.00, 2
134.00, 2
135.00, 2
136.00, 2
137.00, 2
138.00, 2
139.00, 2
140.00, 2
141.00, 2
142.00, 2
143.00, 2
144.00, 2
145.00, 2
146.00, 2
147.00, 2
148.00, 2
149.00, 2
150.00, 2
151.00, 2
152.00, 2
153.00, 2
154.00, 2
155.00, 2
156.00, 2
157.00, 2
158.00, 2
159.00, 2
160.00, 2
161.00, 2
162.00, 2
163.00, 2
164.00, 2
165.00, 2
166.00, 2
167.00, 2
168.00, 2
169.00, 2
170.00, 2
171.00, 2
172.00, 2
173.00, 2
174.00, 2
175.00, 2
176.00, 2
177.00, 2
178.00, 2
179.00, 2
180.00, 2
181.00, 2
182.00, 2
183.00, 2
184.00, 2
185.00, 2
186.00, 2
187.00, 2
188.00, 2
189.00, 2
190.00, 2
191.00, 2
192.00, 2
193.00, 2
194.00, 2
195.00, 2
196.00, 2
197.00, 2
198.00, 2
199.00, 2
200.00, 2
201.00, 2
202.00, 2
203.00, 2
204.00, 2
205.00, 2
206.00, 2
207.00, 2
208.00, 2
209.00, 2
210.00, 2
211.00, 2
212.00, 2
213.00, 2
214.00, 2
215.00, 2
216.00, 2
217.00, 2
218.00, 5
219.00, 5
220.00, 5
221.00, 5
222.00, 5
223.00, 5
224.00, 5
225.00, 5
226.00, 5
227.00, 5
228.00, 3
229.00, 3
230.00, 3
231.00, 3
232.00, 3
233.00, 3
234.00, 3
235.00, 3
236.00, 3
237.00, 3
238.00, 3
239.00, 3
240.00, 3
241.00, 3
242.00, 3
243.00, 3
244.00, 3
245.00, 3
246.00, 3
247.00, 3
248.00, 3
249.00, 3
250.00, 3
251.00, 3
252.00, 3
253.00, 3
254.00, 3
255.00, 3
256.00, 3
257.00, 3
258.00, 3
259.00, 3
260.00, 3
261.00, 3
262.00, 0
263.00, 4
264.00, 4
265.00, 4
266.00, 4
267.00, 4
268.00, 4
269.00, 4
270.00, 4
271.00, 4
272.00, 2
273.00, 2
274.00, 2
275.00, 2
276.00, 2
277.00, 2
278.00, 2
279.00, 2
280.00, 2
281.00, 2
282.00, 2
283.00, 2
284.00, 2
285.00, 2
286.00, 2
287.00, 2
288.00, 2
289.00, 2
290.00, 2
291.00, 2
292.00, 2
293.00, 2
294.00, 2
295.00, 2
296.00, 2
297.00, 2
298.00, 2
299.00, 2
300.00, 2
301.00, 2
302.00, 2
303.00, 2
304.00, 2
305.00, 2
306.00, 2
307.00, 2
308.00, 2
309.00, 2
310.00, 2
311.00, 2
312.00, 2
313.00, 2
314.00, 2
315.00, 2
316.00, 2
317.00, 5
318.00, 0
319.00, 0
320.00, 0
321.00, 0
322.00, 0
323.00, 0
324.00, 0
325.00, 0
326.00, 0
327.00, 0
328.00, 0
329.00, 0
330.00, 0
331.00, 0
332.00, 0
333.00, 0
334.00, 0
335.00, 0
336.00, 0
337.00, 0
338.00, 0
339.00, 0
340.00, 0
341.00, 0
342.00, 0
343.00, 0
344.00, 0
345.00, 0
346.00, 0
347.00, 0
348.00, 0
349.00, 0
350.00, 0
351.00, 0
352.00, 0
353.00, 0
354.00, 0
355.00, 0
356.00, 0
357.00, 0
358.00, 0
359.00, 6
360.00, 6
361.00, 6
362.00, 6
363.00, 6
364.00, 6
365.00, 6
366.00, 6
367.00, 6
368.00, 6
369.00, 6
370.00, 6
371.00, 6
372.00, 6
373.00, 6
374.00, 6
375.00, 6
376.00, 6
377.00, 6
378.00, 6
379.00, 6
380.00, 6
381.00, 6
382.00, 6
383.00, 6
384.00, 6
385.00, 6
386.00, 6
387.00, 6
388.00, 6
389.00, 6
390.00, 6
391.00, 6
392.00, 6
393.00, 6
394.00, 6
395.00, 6
396.00, 6
397.00, 6
398.00, 6
399.00, 6
400.00, 7
401.00, 7
402.00, 7
403.00, 7
404.00, 7
405.00, 7
406.00, 7
407.00, 7
408.00, 7
409.00, 7
410.00, 7
411.00, 7
412.00, 7
413.00, 7
414.00, 7
415.00, 7
416.00, 7
417.00, 7
418.00, 7
419.00, 7
420.00, 7
421.00, 7
422.00, 7
423.00, 7
424.00, 7
425.00, 7
426.00, 7
427.00, 7
428.00, 7
429.00, 7
430.00, 6
431.00, 6
432.00, 6
433.00, 6
434.00, 6
435.00, 6
436.00, 6
437.00, 6
438.00, 6
439.00, 6
440.00, 6
441.00, 6
442.00, 6
443.00, 6
444.00, 6
445.00, 6
446.00, 6
447.00, 6
448.00, 6
449.00, 6
450.00, 6
451.00, 6
452.00, 6
453.00, 6
454.00, 6
455.00, 6
456.00, 6
457.00, 6
458.00, 6
459.00, 6
460.00, 6
461.00, 6
462.00, 6
463.00, 6
464.00, 6
465.00, 6
466.00, 6
467.00, 6
468.00, 6
469.00, 6
470.00, 6
471.00, 6
472.00, 6
473.00, 6
474.00, 6
475.00, 6
476.00, 6
477.00, 6
478.00, 6
479.00, 6
480.00, 6
481.00, 6
482.00, 6
483.00, 6
484.00, 6
485.00, 6
486.00, 6
487.00, 6
488.00, 6
489.00, 6
490.00, 6
491.00, 6
492.00, 6
493.00, 6
494.00, 6
495.00, 6
496.00, 6
497.00, 6
498.00, 6
499.00, 6
500.00, 6
501.00, 6
502.00, 6
503.00, 6
504.00, 6
505.00, 6
506.00, 6
507.00, 7
508.00, 7
509.00, 7
510.00, 7
511.00, 7
512.00, 7
513.00, 7
514.00, 7
515.00, 7
516.00, 7
517.00, 7
518.00, 7
519.00, 7
520.00, 7
521.00, 7
522.00, 7
523.00, 7
524.00, 7
525.00, 7
526.00, 7
527.00, 7
528.00, 7
529.00, 7
530.00, 7
531.00, 7
532.00, 7
533.00, 7
534.00, 7
535.00, 7
536.00, 7
537.00, 7
538.00, 7
539.00, 6
540.00, 6
541.00, 6
542.00, 6
543.00, 6
544.00, 6
545.00, 6
546.00, 6
547.00, 6
548.00, 6
549.00, 6
550.00, 6
551.00, 6
552.00, 6
553.00, 6
554.00, 6
555.00, 6
556.00, 6
557.00, 6
558.00, 6
559.00, 6
560.00, 6
561.00, 6
562.00, 6
563.00, 6
564.00, 6
565.00, 6
566.00, 6
567.00, 6
568.00, 6
569.00, 6
570.00, 6
571.00, 6
572.00, 6
573.00, 6
574.00, 6
575.00, 6
576.00, 6
577.00, 6
578.00, 6
579.00, 6
580.00, 6
581.00, 6
582.00, 4
583.00, 4
584.00, 4
585.00, 4
586.00, 4
587.00, 4
588.00, 4
589.00, 4
590.00, 4
591.00, 4
592.00, 1
593.00, 1
594.00, 1
595.00, 1
596.00, 1
597.00, 1
598.00, 1
599.00, 1
600.00, 1
601.00, 1
602.00, 7
603.00, 7
604.00, 7
605.00, 7
606.00, 7
607.00, 7
608.00, 7
609.00, 7
610.00, 7
611.00, 7
612.00, 7
613.00, 7
614.00, 7
615.00, 7
616.00, 7
617.00, 7
618.00, 7
619.00, 7
620.00, 7
621.00, 7
622.00, 7
623.00, 7
624.00, 7
625.00, 7
626.00, 7
627.00, 7
628.00, 7
629.00, 7
630.00, 7
631.00, 7
632.00, 7
633.00, 7
634.00, 7
635.00, 7
636.00, 7
637.00, 7
638.00, 7
639.00, 7
640.00, 7
641.00, 7
642.00, 7
643.00, 7
644.00, 7
645.00, 7
646.00, 7
647.00, 7
648.00, 7
649.00, 7
650.00, 7
651.00, 7
652.00, 7
653.00, 7
654.00, 7
655.00, 7
656.00, 7
657.00, 7
658.00, 7
659.00, 7
660.00, 7
661.00, 7
662.00, 7
663.00, 7
664.00, 7
665.00, 7
666.00, 7
667.00, 7
668.00, 7
669.00, 7
670.00, 7
671.00, 7
672.00, 7
673.00, 7
674.00, 7
675.00, 7
676.00, 7
677.00, 7
678.00, 7
679.00, 7
680.00, 7
681.00, 7
682.00, 7
683.00, 7
684.00, 7
685.00, 7
686.00, 7
687.00, 7
688.00, 7
689.00, 7
690.00, 7
691.00, 7
692.00, 7
693.00, 7
694.00, 7
695.00, 7
696.00, 7
697.00, 7
698.00, 7
699.00, 7
700.00, 7
701.00, 7
702.00, 7
703.00, 7
704.00, 7
705.00, 7
706.00, 6
707.00, 6
708.00, 6
709.00, 6
710.00, 6
711.00, 6
712.00, 6
713.00, 6
714.00, 6
715.00, 6
716.00, 6
717.00, 7
718.00, 7
719.00, 7
720.00, 7
721.00, 7
722.00, 7
723.00, 7
724.00, 7
725.00, 7
726.00, 7
727.00, 7
728.00, 7
729.00, 7
730.00, 7
731.00, 7
732.00, 7
733.00, 7
734.00, 7
735.00, 7
736.00, 7
737.00, 7
738.00, 7
739.00, 7
740.00, 7
741.00, 7
742.00, 7
743.00, 7
744.00, 7
745.00, 7
746.00, 7
747.00, 7
748.00, 7
749.00, 7
750.00, 7
751.00, 7
752.00, 7
753.00, 7
754.00, 7
755.00, 7
756.00, 7
757.00, 7
758.00, 7
759.00, 7
760.00, 7
761.00, 7
762.00, 7
763.00, 7
764.00, 7
765.00, 7
766.00, 7
767.00, 7
768.00, 7
769.00, 7
770.00, 7
771.00, 7
772.00, 7
773.00, 7
774.00, 7
775.00, 7
776.00, 7
777.00, 7
778.00, 7
779.00, 7
780.00, 7
781.00, 7
782.00, 7
783.00, 7
784.00, 7
785.00, 7
786.00, 7
787.00, 7
788.00, 7
789.00, 7
790.00, 7
791.00, 7
792.00, 7
793.00, 7
794.00, 7
795.00, 7
796.00, 7
797.00, 7
798.00, 7
799.00, 7
800.00, 7
801.00, 7
802.00, 7
803.00, 7
804.00, 7
805.00, 7
806.00, 7
807.00, 1
808.00, 1
809.00, 1
810.00, 1
811.00, 1
812.00, 1
813.00, 1
814.00, 1
815.00, 1
816.00, 1
817.00, 1
818.00, 1
819.00, 1
820.00, 1
821.00, 1
822.00, 1
823.00, 1
824.00, 1
825.00, 1
826.00, 1
827.00, 1
828.00, 1
829.00, 1
830.00, 1
831.00, 1
832.00, 1
833.00, 1
834.00, 1
835.00, 1
836.00, 1
837.00, 1
838.00, 1
839.00, 1
840.00, 1
841.00, 1
842.00, 1
843.00, 1
844.00, 1
845.00, 1
846.00, 1
847.00, 1
848.00, 1
849.00, 1
850.00, 1
851.00, 1
852.00, 1
853.00, 1
854.00, 1
855.00, 1
856.00, 1
857.00, 1
858.00, 1
859.00, 1
860.00, 1
861.00, 1
862.00, 1
863.00, 4
864.00, 4
865.00, 4
866.00, 4
867.00, 4
868.00, 4
869.00, 4
870.00, 4
871.00, 4
872.00, 4
873.00, 4
874.00, 4
875.00, 4
876.00, 4
877.00, 4
878.00, 4
879.00, 4
880.00, 4
881.00, 4
882.00, 4
883.00, 4
884.00, 4
885.00, 4
886.00, 8
887.00, 8
888.00, 8
889.00, 8
890.00, 8
891.00, 8
892.00, 8
893.00, 8
894.00, 8
895.00, 8
896.00, 8
897.00, 8
898.00, 8
899.00, 8
900.00, 8
901.00, 8
902.00, 8
903.00, 8
904.00, 8
905.00, 8
906.00, 8
907.00, 8
908.00, 8
909.00, 8
910.00, 8
911.00, 8
912.00, 8
913.00, 8
914.00, 8
915.00, 1
916.00, 1
917.00, 1
918.00, 1
919.00, 1
920.00, 1
921.00, 1
922.00, 1
923.00, 1
924.00, 1
925.00, 1
926.00, 1
927.00, 1
928.00, 1
929.00, 1
930.00, 1
931.00, 1
932.00, 1
933.00, 1
934.00, 1
935.00, 1
936.00, 1
937.00, 1
938.00, 1
939.00, 1
940.00, 1
941.00, 1
942.00, 1
943.00, 7
944.00, 7
945.00, 7
946.00, 7
947.00, 7
948.00, 7
949.00, 7
950.00, 7
951.00, 7
952.00, 7
953.00, 7
954.00, 7
955.00, 7
956.00, 7
957.00, 7
958.00, 7
959.00, 7
960.00, 7
961.00, 7
962.00, 7
963.00, 7
964.00, 7
965.00, 7
966.00, 7
967.00, 7
968.00, 7
969.00, 7
970.00, 7
971.00, 7
972.00, 7
973.00, 7
974.00, 7
975.00, 7
976.00, 1
977.00, 1
978.00, 1
979.00, 1
980.00, 1
981.00, 1
982.00, 1
983.00, 1
984.00, 1
985.00, 1
986.00, 1
987.00, 1
988.00, 1
989.00, 1
990.00, 1
991.00, 1
992.00, 1
993.00, 1
994.00, 1
995.00, 1
996.00, 1
997.00, 1
998.00, 1
999.00, 1