0.00, 3
1.00, 3
2.00, 3
3.00, 3
4.00, 3
5.00, 3
6.00, 3
7.00, 3
8.00, 3
9.00, 3
10.00, 3
11.00, 3
12.00, 3
13.00, 3
14.00, 3
15.00, 3
16.00, 3
17.00, 3
18.00, 3
19.00, 3
20.00, 3
21.00, 3
22.00, 3
23.00, 3
24.00, 3
25.00, 3
26.00, 3
27.00, 3
28.00, 3
29.00, 3
30.00, 3
31.00, 3
32.00, 3
33.00, 3
34.00, 3
35.00, 3
36.00, 3
37.00, 3
38.00, 3
39.00, 3
40.00, 3
41.00, 8
42.00, 8
43.00, 8
44.00, 8
45.00, 8
46.00, 8
47.00, 8
48.00, 8
49.00, 8
50.00, 8
51.00, 8
52.00, 8
53.00, 8
54.00, 8
55.00, 8
56.00, 8
57.00, 8
58.00, 8
59.00, 8
60.00, 8
61.00, 8
62.00, 8
63.00, 8
64.00, 8
65.00, 8
66.00, 8
67.00, 8
68.00, 8
69.00, 8
70.00, 8
71.00, 8
72.00, 8
73.00, 8
74.00, 8
75.00, 8
76.00, 8
77.00, 8
78.00, 8
79.00, 8
80.00, 8
81.00, 8
82.00, 8
83.00, 8
84.00, 8
85.00, 8
86.00, 8
87.00, 8
88.00, 8
89.00, 8
90.00, 3
91.00, 3
92.00, 3
93.00, 3
94.00, 3
95.00, 3
96.00, 3
97.00, 3
98.00, 3
99.00, 3
100.00, 3
101.00, 3
102.00, 3
103.00, 3
104.00, 3
105.00, 3
106.00, 3
107.00, 3
108.00, 3
109.00, 3
110.00, 3
111.00, 3
112.00, 3
113.00, 5
114.00, 5
115.00, 5
116.00, 5
117.00, 5
118.00, 5
119.00, 5
120.00, 5
121.00, 5
122.00, 5
123.00, 5
124.00, 5
125.00, 5
126.00, 5
127.00, 5
128.00, 5
129.00, 5
130.00, 5
131.00, 5
132.00, 5
133.00, 5
134.00, 5
135.00, 5
136.00, 5
137.00, 5
138.00, 5
139.00, 5
140.00, 5
141.00, 5
142.00, 3
143.00, 3
144.00, 3
145.00, 3
146.00, 3
147.00, 3
148.00, 3
149.00, 3
150.00, 3
151.00, 3
152.00, 5
153.00, 5
154.00, 5
155.00, 5
156.00, 5
157.00, 5
158.00, 5
159.00, 5
160.00, 5
161.00, 5
162.00, 5
163.00, 5
164.00, 5
165.00, 5
166.00, 5
167.00, 5
168.00, 5
169.00, 5
170.00, 5
171.00, 5
172.00, 5
173.00, 5
174.00, 5
175.00, 5
176.00, 5
177.00, 5
178.00, 5
179.00, 5
180.00, 5
181.00, 5
182.00, 5
183.00, 5
184.00, 5
185.00, 5
186.00, 5
187.00, 5
188.00, 2
189.00, 2
190.00, 2
191.00, 2
192.00, 2
193.00, 2
194.00, 2
195.00, 2
196.00, 2
197.00, 2
198.00, 2
199.00, 2
200.00, 2
201.00, 2
202.00, 2
203.00, 2
204.00, 2
205.00, 2
206.00, 2
207.00, 2
208.00, 2
209.00, 2
210.00, 2
211.00, 2
212.00, 2
213.00, 2
214.00, 2
215.00, 2
216.00, 2
217.00, 2
218.00, 2
219.00, 2
220.00, 2
221.00, 2
222.00, 2
223.00, 2
224.00, 2
225.00, 2
226.00, 0
227.00, 0
228.00, 0
229.00, 0
230.00, 0
231.00, 0
232.00, 0
233.00, 0
234.00, 0
235.00, 0
236.00, 0
237.00, 0
238.00, 0
239.00, 0
240.00, 0
241.00, 0
242.00, 0
243.00, 0
244.00, 0
245.00, 0
246.00, 0
247.00, 0
248.00, 0
249.00, 0
250.00, 0
251.00, 0
252.00, 0
253.00, 0
254.00, 0
255.00, 0
256.00, 0
257.00, 0
258.00, 0
259.00, 0
260.00, 0
261.00, 0
262.00, 0
263.00, 0
264.00, 0
265.00, 0
266.00, 0
267.00, 0
268.00, 0
269.00, 0
270.00, 0
271.00, 0
272.00, 0
273.00, 0
274.00, 0
275.00, 0
276.00, 0
277.00, 0
278.00, 0
279.00, 0
280.00, 0
281.00, 0
282.00, 0
283.00, 0
284.00, 0
285.00, 0
286.00, 0
287.00, 0
288.00, 0
289.00, 0
290.00, 0
291.00, 0
292.00, 0
293.00, 0
294.00, 0
295.00, 0
296.00, 0
297.00, 0
298.00, 0
299.00, 0
300.00, 0
301.00, 0
302.00, 0
303.00, 0
304.00, 0
305.00, 0
306.00, 0
307.00, 0
308.00, 0
309.00, 0
310.00, 0
311.00, 0
312.00, 0
313.00, 0
314.00, 0
315.00, 0
316.00, 0
317.00, 0
318.00, 0
319.00, 0
320.00, 0
321.00, 0
322.00, 0
323.00, 0
324.00, 0
325.00, 0
326.00, 0
327.00, 0
328.00, 0
329.00, 0
330.00, 6
331.00, 6
332.00, 6
333.00, 6
334.00, 6
335.00, 6
336.00, 6
337.00, 6
338.00, 6
339.00, 6
340.00, 6
341.00, 6
342.00, 6
343.00, 6
344.00, 6
345.00, 6
346.00, 6
347.00, 6
348.00, 6
349.00, 6
350.00, 6
351.00, 6
352.00, 6
353.00, 6
354.00, 6
355.00, 6
356.00, 6
357.00, 6
358.00, 6
359.00, 6
360.00, 6
361.00, 6
362.00, 6
363.00, 6
364.00, 6
365.00, 6
366.00, 7
367.00, 1
368.00, 1
369.00, 1
370.00, 1
371.00, 1
372.00, 1
373.00, 1
374.00, 1
375.00, 1
376.00, 1
377.00, 1
378.00, 1
379.00, 1
380.00, 1
381.00, 1
382.00, 1
383.00, 1
384.00, 1
385.00, 1
386.00, 1
387.00, 1
388.00, 1
389.00, 1
390.00, 1
391.00, 1
392.00, 7
393.00, 7
394.00, 7
395.00, 7
396.00, 7
397.00, 7
398.00, 7
399.00, 7
400.00, 7
401.00, 7
402.00, 7
403.00, 7
404.00, 7
405.00, 7
406.00, 7
407.00, 7
408.00, 7
409.00, 7
410.00, 7
411.00, 7
412.00, 7
413.00, 7
414.00, 7
415.00, 7
416.00, 7
417.00, 7
418.00, 7
419.00, 7
420.00, 7
421.00, 7
422.00, 7
423.00, 7
424.00, 7
425.00, 7
426.00, 7
427.00, 7
428.00, 7
429.00, 7
430.00, 7
431.00, 7
432.00, 6
433.00, 6
434.00, 6
435.00, 6
436.00, 6
437.00, 6
438.00, 6
439.00, 6
440.00, 6
441.00, 6
442.00, 6
443.00, 6
444.00, 6
445.00, 6
446.00, 6
447.00, 6
448.00, 6
449.00, 6
450.00, 6
451.00, 6
452.00, 6
453.00, 6
454.00, 6
455.00, 6
456.00, 6
457.00, 6
458.00, 6
459.00, 6
460.00, 6
461.00, 6
462.00, 6
463.00, 6
464.00, 6
465.00, 6
466.00, 6
467.00, 6
468.00, 6
469.00, 4
470.00, 4
471.00, 4
472.00, 4
473.00, 4
474.00, 4
475.00, 4
476.00, 4
477.00, 4
478.00, 4
479.00, 4
480.00, 4
481.00, 4
482.00, 4
483.00, 4
484.00, 4
485.00, 4
486.00, 4
487.00, 4
488.00, 2
489.00, 2
490.00, 2
491.00, 2
492.00, 2
493.00, 2
494.00, 2
495.00, 2
496.00, 2
497.00, 2
498.00, 2
499.00, 2
500.00, 2
501.00, 2
502.00, 2
503.00, 2
504.00, 2
505.00, 2
506.00, 2
507.00, 2
508.00, 2
509.00, 2
510.00, 2
511.00, 2
512.00, 2
513.00, 2
514.00, 2
515.00, 2
516.00, 2
517.00, 2
518.00, 2
519.00, 2
520.00, 2
521.00, 2
522.00, 0
523.00, 0
524.00, 0
525.00, 0
526.00, 0
527.00, 0
528.00, 0
529.00, 0
530.00, 0
531.00, 0
532.00, 0
533.00, 0
534.00, 0
535.00, 0
536.00, 0
537.00, 0
538.00, 0
539.00, 0
540.00, 0
541.00, 0
542.00, 0
543.00, 0
544.00, 0
545.00, 0
546.00, 0
547.00, 0
548.00, 0
549.00, 0
550.00, 0
551.00, 0
552.00, 0
553.00, 0
554.00, 0
555.00, 0
556.00, 0
557.00, 0
558.00, 0
559.00, 0
560.00, 0
561.00, 0
562.00, 0
563.00, 0
564.00, 0
565.00, 0
566.00, 0
567.00, 0
568.00, 0
569.00, 0
570.00, 0
571.00, 0
572.00, 0
573.00, 0
574.00, 0
575.00, 0
576.00, 0
577.00, 0
578.00, 0
579.00, 0
580.00, 0
581.00, 0
582.00, 0
583.00, 0
584.00, 0
585.00, 0
586.00, 0
587.00, 0
588.00, 0
589.00, 0
590.00, 0
591.00, 0
592.00, 0
593.00, 0
594.00, 0
595.00, 0
596.00, 2
597.00, 2
598.00, 2
599.00, 2
600.00, 2
601.00, 2
602.00, 2
603.00, 2
604.00, 2
605.00, 2
606.00, 2
607.00, 2
608.00, 2
609.00, 2
610.00, 2
611.00, 2
612.00, 2
613.00, 2
614.00, 2
615.00, 2
616.00, 2
617.00, 2
618.00, 2
619.00, 2
620.00, 2
621.00, 2
622.00, 2
623.00, 2
624.00, 2
625.00, 2
626.00, 2
627.00, 2
628.00, 2
629.00, 2
630.00, 2
631.00, 2
632.00, 2
633.00, 2
634.00, 2
635.00, 2
636.00, 0
637.00, 0
638.00, 0
639.00, 0
640.00, 0
641.00, 0
642.00, 0
643.00, 0
644.00, 0
645.00, 0
646.00, 0
647.00, 0
648.00, 0
649.00, 0
650.00, 0
651.00, 0
652.00, 0
653.00, 0
654.00, 0
655.00, 0
656.00, 0
657.00, 0
658.00, 0
659.00, 0
660.00, 0
661.00, 0
662.00, 0
663.00, 0
664.00, 0
665.00, 0
666.00, 0
667.00, 0
668.00, 0
669.00, 0
670.00, 0
671.00, 0
672.00, 0
673.00, 0
674.00, 0
675.00, 0
676.00, 0
677.00, 0
678.00, 0
679.00, 0
680.00, 0
681.00, 0
682.00, 0
683.00, 0
684.00, 0
685.00, 0
686.00, 0
687.00, 0
688.00, 0
689.00, 0
690.00, 0
691.00, 0
692.00, 0
693.00, 0
694.00, 0
695.00, 0
696.00, 0
697.00, 0
698.00, 0
699.00, 0
700.00, 0
701.00, 0
702.00, 0
703.00, 0
704.00, 0
705.00, 0
706.00, 0
707.00, 0
708.00, 0
709.00, 0
710.00, 0
711.00, 0
712.00, 0
713.00, 0
714.00, 0
715.00, 0
716.00, 0
717.00, 0
718.00, 0
719.00, 0
720.00, 0
721.00, 0
722.00, 0
723.00, 0
724.00, 0
725.00, 0
726.00, 0
727.00, 0
728.00, 0
729.00, 0
730.00, 0
731.00, 0
732.00, 0
733.00, 0
734.00, 0
735.00, 0
736.00, 0
737.00, 0
738.00, 0
739.00, 0
740.00, 0
741.00, 0
742.00, 0
743.00, 0
744.00, 0
745.00, 0
746.00, 0
747.00, 0
748.00, 0
749.00, 0
750.00, 0
751.00, 0
752.00, 0
753.00, 2
754.00, 2
755.00, 2
756.00, 2
757.00, 2
758.00, 2
759.00, 2
760.00, 2
761.00, 2
762.00, 2
763.00, 2
764.00, 2
765.00, 2
766.00, 2
767.00, 2
768.00, 4
769.00, 4
770.00, 4
771.00, 4
772.00, 4
773.00, 4
774.00, 4
775.00, 4
776.00, 4
777.00, 4
778.00, 4
779.00, 4
780.00, 4
781.00, 4
782.00, 4
783.00, 4
784.00, 4
785.00, 4
786.00, 4
787.00, 4
788.00, 4
789.00, 4
790.00, 4
791.00, 1
792.00, 1
793.00, 1
794.00, 1
795.00, 1
796.00, 1
797.00, 1
798.00, 1
799.00, 1
800.00, 1
801.00, 1
802.00, 1
803.00, 1
804.00, 1
805.00, 1
806.00, 1
807.00, 1
808.00, 1
809.00, 1
810.00, 1
811.00, 1
812.00, 1
813.00, 1
814.00, 1
815.00, 1
816.00, 1
817.00, 1
818.00, 1
819.00, 1
820.00, 7
821.00, 7
822.00, 7
823.00, 7
824.00, 7
825.00, 7
826.00, 7
827.00, 7
828.00, 7
829.00, 7
830.00, 7
831.00, 7
832.00, 7
833.00, 7
834.00, 7
835.00, 7
836.00, 7
837.00, 7
838.00, 7
839.00, 7
840.00, 7
841.00, 7
842.00, 7
843.00, 7
844.00, 7
845.00, 7
846.00, 7
847.00, 7
848.00, 7
849.00, 7
850.00, 7
851.00, 7
852.00, 7
853.00, 7
854.00, 7
855.00, 7
856.00, 7
857.00, 7
858.00, 7
859.00, 7
860.00, 7
861.00, 7
862.00, 7
863.00, 7
864.00, 7
865.00, 7
866.00, 7
867.00, 7
868.00, 7
869.00, 7
870.00, 7
871.00, 7
872.00, 7
873.00, 7
874.00, 7
875.00, 7
876.00, 7
877.00, 7
878.00, 7
879.00, 7
880.00, 7
881.00, 7
882.00, 7
883.00, 7
884.00, 7
885.00, 7
886.00, 7
887.00, 7
888.00, 7
889.00, 7
890.00, 7
891.00, 7
892.00, 7
893.00, 7
894.00, 7
895.00, 7
896.00, 7
897.00, 7
898.00, 7
899.00, 7
900.00, 7
901.00, 7
902.00, 7
903.00, 7
904.00, 7
905.00, 7
906.00, 7
907.00, 7
908.00, 7
909.00, 7
910.00, 7
911.00, 7
912.00, 7
913.00, 7
914.00, 7
915.00, 7
916.00, 7
917.00, 7
918.00, 7
919.00, 7
920.00, 7
921.00, 7
922.00, 7
923.00, 7
924.00, 7
925.00, 7
926.00, 7
927.00, 7
928.00, 7
929.00, 7
930.00, 7
931.00, 7
932.00, 7
933.00, 7
934.00, 7
935.00, 7
936.00, 7
937.00, 7
938.00, 7
939.00, 7
940.00, 7
941.00, 7
942.00, 7
943.00, 7
944.00, 7
945.00, 7
946.00, 7
947.00, 7
948.00, 7
949.00, 7
950.00, 7
951.00, 7
952.00, 7
953.00, 7
954.00, 7
955.00, 7
956.00, 7
957.00, 7
958.00, 7
959.00, 7
960.00, 7
961.00, 7
962.00, 7
963.00, 7
964.00, 7
965.00, 7
966.00, 7
967.00, 7
968.00, 7
969.00, 7
970.00, 7
971.00, 7
972.00, 7
973.00, 7
974.00, 7
975.00, 7
976.00, 7
977.00, 7
978.00, 7
979.00, 7
980.00, 7
981.00, 7
982.00, 7
983.00, 7
984.00, 7
985.00, 7
986.00, 7
987.00, 7
988.00, 7
989.00, 7
990.00, 7
991.00, 7
992.00, 7
993.00, 7
994.00, 7
995.00, 7
996.00, 7
997.00, 7
998.00, 7
999.00, 7