0.00, 3
1.00, 3
2.00, 3
3.00, 3
4.00, 3
5.00, 3
6.00, 3
7.00, 3
8.00, 3
9.00, 3
10.00, 3
11.00, 3
12.00, 3
13.00, 3
14.00, 3
15.00, 3
16.00, 3
17.00, 3
18.00, 3
19.00, 3
20.00, 3
21.00, 3
22.00, 3
23.00, 3
24.00, 3
25.00, 3
26.00, 3
27.00, 3
28.00, 3
29.00, 3
30.00, 3
31.00, 3
32.00, 3
33.00, 3
34.00, 3
35.00, 3
36.00, 3
37.00, 3
38.00, 3
39.00, 3
40.00, 3
41.00, 3
42.00, 3
43.00, 3
44.00, 3
45.00, 3
46.00, 3
47.00, 5
48.00, 5
49.00, 5
50.00, 5
51.00, 5
52.00, 5
53.00, 5
54.00, 5
55.00, 5
56.00, 5
57.00, 5
58.00, 5
59.00, 5
60.00, 5
61.00, 5
62.00, 5
63.00, 5
64.00, 5
65.00, 5
66.00, 5
67.00, 5
68.00, 5
69.00, 5
70.00, 5
71.00, 5
72.00, 5
73.00, 5
74.00, 5
75.00, 5
76.00, 5
77.00, 5
78.00, 5
79.00, 5
80.00, 5
81.00, 2
82.00, 2
83.00, 2
84.00, 2
85.00, 2
86.00, 2
87.00, 2
88.00, 2
89.00, 2
90.00, 2
91.00, 2
92.00, 2
93.00, 2
94.00, 2
95.00, 2
96.00, 2
97.00, 2
98.00, 2
99.00, 2
100.00, 2
101.00, 2
102.00, 2
103.00, 2
104.00, 2
105.00, 2
106.00, 2
107.00, 2
108.00, 2
109.00, 2
110.00, 2
111.00, 2
112.00, 2
113.00, 2
114.00, 2
115.00, 2
116.00, 2
117.00, 2
118.00, 2
119.00, 2
120.00, 2
121.00, 2
122.00, 2
123.00, 2
124.00, 2
125.00, 2
126.00, 2
127.00, 2
128.00, 5
129.00, 5
130.00, 5
131.00, 5
132.00, 5
133.00, 5
134.00, 5
135.00, 5
136.00, 5
137.00, 5
138.00, 5
139.00, 5
140.00, 5
141.00, 5
142.00, 5
143.00, 5
144.00, 5
145.00, 5
146.00, 5
147.00, 5
148.00, 5
149.00, 5
150.00, 5
151.00, 5
152.00, 5
153.00, 5
154.00, 5
155.00, 5
156.00, 5
157.00, 5
158.00, 5
159.00, 5
160.00, 5
161.00, 5
162.00, 5
163.00, 5
164.00, 5
165.00, 5
166.00, 5
167.00, 5
168.00, 5
169.00, 5
170.00, 5
171.00, 5
172.00, 5
173.00, 5
174.00, 5
175.00, 5
176.00, 5
177.00, 5
178.00, 5
179.00, 5
180.00, 5
181.00, 5
182.00, 5
183.00, 5
184.00, 5
185.00, 5
186.00, 5
187.00, 5
188.00, 5
189.00, 5
190.00, 5
191.00, 5
192.00, 5
193.00, 5
194.00, 5
195.00, 5
196.00, 5
197.00, 5
198.00, 5
199.00, 5
200.00, 5
201.00, 5
202.00, 5
203.00, 5
204.00, 5
205.00, 5
206.00, 5
207.00, 5
208.00, 5
209.00, 5
210.00, 5
211.00, 5
212.00, 5
213.00, 5
214.00, 5
215.00, 2
216.00, 2
217.00, 2
218.00, 2
219.00, 2
220.00, 2
221.00, 2
222.00, 2
223.00, 2
224.00, 2
225.00, 2
226.00, 2
227.00, 2
228.00, 2
229.00, 2
230.00, 2
231.00, 2
232.00, 2
233.00, 2
234.00, 2
235.00, 2
236.00, 2
237.00, 2
238.00, 2
239.00, 2
240.00, 2
241.00, 2
242.00, 2
243.00, 2
244.00, 2
245.00, 2
246.00, 2
247.00, 2
248.00, 2
249.00, 2
250.00, 2
251.00, 2
252.00, 2
253.00, 2
254.00, 2
255.00, 2
256.00, 2
257.00, 2
258.00, 2
259.00, 2
260.00, 2
261.00, 2
262.00, 2
263.00, 2
264.00, 2
265.00, 2
266.00, 2
267.00, 2
268.00, 2
269.00, 2
270.00, 2
271.00, 2
272.00, 2
273.00, 2
274.00, 2
275.00, 2
276.00, 2
277.00, 2
278.00, 2
279.00, 2
280.00, 2
281.00, 2
282.00, 2
283.00, 2
284.00, 2
285.00, 2
286.00, 2
287.00, 2
288.00, 2
289.00, 2
290.00, 2
291.00, 2
292.00, 2
293.00, 2
294.00, 2
295.00, 2
296.00, 2
297.00, 2
298.00, 2
299.00, 2
300.00, 2
301.00, 2
302.00, 2
303.00, 2
304.00, 2
305.00, 2
306.00, 2
307.00, 2
308.00, 2
309.00, 2
310.00, 2
311.00, 2
312.00, 2
313.00, 2
314.00, 2
315.00, 2
316.00, 2
317.00, 2
318.00, 2
319.00, 2
320.00, 2
321.00, 2
322.00, 2
323.00, 2
324.00, 2
325.00, 2
326.00, 2
327.00, 2
328.00, 2
329.00, 2
330.00, 2
331.00, 2
332.00, 2
333.00, 2
334.00, 2
335.00, 2
336.00, 2
337.00, 2
338.00, 2
339.00, 2
340.00, 2
341.00, 2
342.00, 2
343.00, 2
344.00, 2
345.00, 2
346.00, 2
347.00, 2
348.00, 2
349.00, 2
350.00, 2
351.00, 2
352.00, 2
353.00, 2
354.00, 2
355.00, 2
356.00, 2
357.00, 2
358.00, 2
359.00, 2
360.00, 2
361.00, 2
362.00, 2
363.00, 2
364.00, 2
365.00, 2
366.00, 2
367.00, 2
368.00, 2
369.00, 2
370.00, 2
371.00, 2
372.00, 2
373.00, 2
374.00, 2
375.00, 2
376.00, 2
377.00, 2
378.00, 2
379.00, 2
380.00, 2
381.00, 2
382.00, 2
383.00, 2
384.00, 2
385.00, 4
386.00, 4
387.00, 4
388.00, 4
389.00, 4
390.00, 4
391.00, 4
392.00, 4
393.00, 4
394.00, 4
395.00, 4
396.00, 4
397.00, 4
398.00, 4
399.00, 4
400.00, 4
401.00, 4
402.00, 4
403.00, 4
404.00, 4
405.00, 4
406.00, 4
407.00, 4
408.00, 4
409.00, 4
410.00, 4
411.00, 4
412.00, 4
413.00, 4
414.00, 4
415.00, 6
416.00, 6
417.00, 6
418.00, 6
419.00, 6
420.00, 6
421.00, 6
422.00, 6
423.00, 6
424.00, 6
425.00, 6
426.00, 6
427.00, 6
428.00, 6
429.00, 6
430.00, 6
431.00, 6
432.00, 7
433.00, 7
434.00, 7
435.00, 7
436.00, 7
437.00, 7
438.00, 7
439.00, 7
440.00, 7
441.00, 7
442.00, 7
443.00, 7
444.00, 7
445.00, 7
446.00, 7
447.00, 7
448.00, 7
449.00, 7
450.00, 7
451.00, 7
452.00, 7
453.00, 7
454.00, 7
455.00, 7
456.00, 7
457.00, 7
458.00, 7
459.00, 7
460.00, 7
461.00, 7
462.00, 7
463.00, 7
464.00, 7
465.00, 7
466.00, 7
467.00, 7
468.00, 7
469.00, 7
470.00, 7
471.00, 7
472.00, 7
473.00, 7
474.00, 7
475.00, 7
476.00, 7
477.00, 7
478.00, 7
479.00, 7
480.00, 7
481.00, 7
482.00, 7
483.00, 7
484.00, 7
485.00, 7
486.00, 7
487.00, 7
488.00, 7
489.00, 7
490.00, 7
491.00, 7
492.00, 7
493.00, 7
494.00, 7
495.00, 7
496.00, 7
497.00, 7
498.00, 7
499.00, 7
500.00, 7
501.00, 7
502.00, 7
503.00, 7
504.00, 7
505.00, 7
506.00, 7
507.00, 7
508.00, 7
509.00, 7
510.00, 1
511.00, 1
512.00, 1
513.00, 1
514.00, 1
515.00, 1
516.00, 1
517.00, 1
518.00, 1
519.00, 1
520.00, 1
521.00, 1
522.00, 1
523.00, 1
524.00, 1
525.00, 1
526.00, 1
527.00, 1
528.00, 1
529.00, 1
530.00, 1
531.00, 1
532.00, 1
533.00, 1
534.00, 1
535.00, 1
536.00, 1
537.00, 1
538.00, 1
539.00, 1
540.00, 1
541.00, 1
542.00, 1
543.00, 8
544.00, 8
545.00, 8
546.00, 8
547.00, 8
548.00, 8
549.00, 8
550.00, 8
551.00, 8
552.00, 8
553.00, 8
554.00, 8
555.00, 8
556.00, 8
557.00, 8
558.00, 8
559.00, 8
560.00, 8
561.00, 8
562.00, 8
563.00, 8
564.00, 8
565.00, 8
566.00, 8
567.00, 8
568.00, 8
569.00, 8
570.00, 8
571.00, 8
572.00, 8
573.00, 8
574.00, 8
575.00, 8
576.00, 8
577.00, 8
578.00, 8
579.00, 8
580.00, 8
581.00, 8
582.00, 8
583.00, 8
584.00, 8
585.00, 8
586.00, 8
587.00, 8
588.00, 8
589.00, 8
590.00, 8
591.00, 8
592.00, 8
593.00, 8
594.00, 8
595.00, 8
596.00, 8
597.00, 8
598.00, 8
599.00, 8
600.00, 8
601.00, 8
602.00, 8
603.00, 8
604.00, 8
605.00, 8
606.00, 8
607.00, 8
608.00, 8
609.00, 8
610.00, 8
611.00, 8
612.00, 8
613.00, 8
614.00, 8
615.00, 8
616.00, 8
617.00, 8
618.00, 8
619.00, 8
620.00, 8
621.00, 8
622.00, 8
623.00, 8
624.00, 8
625.00, 8
626.00, 8
627.00, 8
628.00, 8
629.00, 8
630.00, 8
631.00, 8
632.00, 8
633.00, 8
634.00, 8
635.00, 8
636.00, 8
637.00, 8
638.00, 8
639.00, 8
640.00, 8
641.00, 8
642.00, 8
643.00, 8
644.00, 8
645.00, 8
646.00, 8
647.00, 8
648.00, 8
649.00, 8
650.00, 8
651.00, 8
652.00, 8
653.00, 8
654.00, 8
655.00, 8
656.00, 8
657.00, 8
658.00, 8
659.00, 8
660.00, 8
661.00, 8
662.00, 8
663.00, 1
664.00, 1
665.00, 1
666.00, 1
667.00, 1
668.00, 1
669.00, 1
670.00, 1
671.00, 1
672.00, 1
673.00, 1
674.00, 1
675.00, 1
676.00, 1
677.00, 1
678.00, 1
679.00, 1
680.00, 1
681.00, 1
682.00, 1
683.00, 1
684.00, 1
685.00, 1
686.00, 1
687.00, 1
688.00, 1
689.00, 1
690.00, 1
691.00, 1
692.00, 1
693.00, 1
694.00, 1
695.00, 1
696.00, 1
697.00, 1
698.00, 1
699.00, 1
700.00, 1
701.00, 1
702.00, 1
703.00, 1
704.00, 1
705.00, 1
706.00, 1
707.00, 1
708.00, 1
709.00, 1
710.00, 1
711.00, 1
712.00, 1
713.00, 1
714.00, 1
715.00, 1
716.00, 1
717.00, 1
718.00, 1
719.00, 1
720.00, 1
721.00, 1
722.00, 1
723.00, 1
724.00, 1
725.00, 1
726.00, 1
727.00, 1
728.00, 1
729.00, 1
730.00, 1
731.00, 1
732.00, 1
733.00, 1
734.00, 1
735.00, 1
736.00, 1
737.00, 1
738.00, 1
739.00, 1
740.00, 1
741.00, 1
742.00, 1
743.00, 1
744.00, 1
745.00, 1
746.00, 1
747.00, 1
748.00, 1
749.00, 1
750.00, 1
751.00, 1
752.00, 1
753.00, 1
754.00, 1
755.00, 1
756.00, 1
757.00, 1
758.00, 1
759.00, 1
760.00, 1
761.00, 1
762.00, 1
763.00, 1
764.00, 1
765.00, 1
766.00, 1
767.00, 1
768.00, 1
769.00, 1
770.00, 1
771.00, 1
772.00, 1
773.00, 1
774.00, 1
775.00, 1
776.00, 1
777.00, 1
778.00, 4
779.00, 4
780.00, 4
781.00, 4
782.00, 4
783.00, 4
784.00, 4
785.00, 4
786.00, 4
787.00, 4
788.00, 4
789.00, 4
790.00, 4
791.00, 4
792.00, 4
793.00, 4
794.00, 4
795.00, 4
796.00, 4
797.00, 2
798.00, 2
799.00, 2
800.00, 2
801.00, 2
802.00, 2
803.00, 2
804.00, 2
805.00, 2
806.00, 2
807.00, 2
808.00, 2
809.00, 2
810.00, 2
811.00, 2
812.00, 2
813.00, 2
814.00, 2
815.00, 2
816.00, 2
817.00, 2
818.00, 2
819.00, 2
820.00, 2
821.00, 2
822.00, 5
823.00, 5
824.00, 5
825.00, 5
826.00, 5
827.00, 5
828.00, 5
829.00, 5
830.00, 5
831.00, 5
832.00, 5
833.00, 5
834.00, 5
835.00, 5
836.00, 5
837.00, 5
838.00, 5
839.00, 5
840.00, 5
841.00, 5
842.00, 5
843.00, 5
844.00, 5
845.00, 5
846.00, 3
847.00, 3
848.00, 3
849.00, 3
850.00, 3
851.00, 3
852.00, 3
853.00, 3
854.00, 3
855.00, 4
856.00, 4
857.00, 4
858.00, 4
859.00, 4
860.00, 4
861.00, 4
862.00, 4
863.00, 4
864.00, 4
865.00, 4
866.00, 4
867.00, 4
868.00, 4
869.00, 4
870.00, 4
871.00, 4
872.00, 4
873.00, 4
874.00, 2
875.00, 2
876.00, 2
877.00, 2
878.00, 2
879.00, 2
880.00, 2
881.00, 2
882.00, 2
883.00, 2
884.00, 2
885.00, 2
886.00, 2
887.00, 2
888.00, 2
889.00, 2
890.00, 2
891.00, 2
892.00, 2
893.00, 2
894.00, 2
895.00, 2
896.00, 2
897.00, 2
898.00, 2
899.00, 2
900.00, 2
901.00, 2
902.00, 2
903.00, 2
904.00, 2
905.00, 2
906.00, 2
907.00, 2
908.00, 2
909.00, 2
910.00, 5
911.00, 5
912.00, 5
913.00, 5
914.00, 5
915.00, 5
916.00, 5
917.00, 5
918.00, 5
919.00, 5
920.00, 5
921.00, 5
922.00, 5
923.00, 5
924.00, 3
925.00, 3
926.00, 3
927.00, 3
928.00, 3
929.00, 3
930.00, 3
931.00, 3
932.00, 3
933.00, 3
934.00, 3
935.00, 3
936.00, 3
937.00, 3
938.00, 3
939.00, 3
940.00, 3
941.00, 3
942.00, 3
943.00, 3
944.00, 3
945.00, 3
946.00, 3
947.00, 3
948.00, 3
949.00, 3
950.00, 3
951.00, 3
952.00, 3
953.00, 3
954.00, 3
955.00, 3
956.00, 3
957.00, 3
958.00, 3
959.00, 3
960.00, 3
961.00, 3
962.00, 3
963.00, 3
964.00, 3
965.00, 3
966.00, 3
967.00, 3
968.00, 3
969.00, 3
970.00, 3
971.00, 3
972.00, 3
973.00, 3
974.00, 3
975.00, 3
976.00, 3
977.00, 3
978.00, 3
979.00, 3
980.00, 3
981.00, 3
982.00, 3
983.00, 3
984.00, 3
985.00, 3
986.00, 3
987.00, 3
988.00, 3
989.00, 3
990.00, 3
991.00, 3
992.00, 3
993.00, 3
994.00, 3
995.00, 3
996.00, 3
997.00, 3
998.00, 3
999.00, 3