0.00, 7
1.00, 7
2.00, 7
3.00, 7
4.00, 7
5.00, 7
6.00, 7
7.00, 7
8.00, 7
9.00, 7
10.00, 7
11.00, 7
12.00, 7
13.00, 7
14.00, 7
15.00, 7
16.00, 7
17.00, 7
18.00, 7
19.00, 7
20.00, 7
21.00, 7
22.00, 7
23.00, 7
24.00, 7
25.00, 7
26.00, 7
27.00, 7
28.00, 7
29.00, 7
30.00, 7
31.00, 7
32.00, 7
33.00, 7
34.00, 7
35.00, 7
36.00, 7
37.00, 7
38.00, 7
39.00, 7
40.00, 7
41.00, 7
42.00, 7
43.00, 7
44.00, 7
45.00, 7
46.00, 7
47.00, 7
48.00, 7
49.00, 7
50.00, 7
51.00, 7
52.00, 7
53.00, 7
54.00, 7
55.00, 7
56.00, 7
57.00, 7
58.00, 7
59.00, 7
60.00, 7
61.00, 7
62.00, 7
63.00, 7
64.00, 7
65.00, 7
66.00, 7
67.00, 7
68.00, 7
69.00, 7
70.00, 7
71.00, 7
72.00, 7
73.00, 7
74.00, 7
75.00, 7
76.00, 7
77.00, 7
78.00, 7
79.00, 7
80.00, 7
81.00, 7
82.00, 7
83.00, 7
84.00, 7
85.00, 7
86.00, 7
87.00, 7
88.00, 7
89.00, 7
90.00, 7
91.00, 7
92.00, 7
93.00, 7
94.00, 7
95.00, 7
96.00, 7
97.00, 7
98.00, 7
99.00, 7
100.00, 7
101.00, 7
102.00, 7
103.00, 7
104.00, 7
105.00, 7
106.00, 7
107.00, 7
108.00, 7
109.00, 7
110.00, 7
111.00, 7
112.00, 7
113.00, 7
114.00, 7
115.00, 6
116.00, 6
117.00, 6
118.00, 6
119.00, 6
120.00, 6
121.00, 6
122.00, 6
123.00, 6
124.00, 6
125.00, 6
126.00, 6
127.00, 6
128.00, 6
129.00, 6
130.00, 6
131.00, 6
132.00, 6
133.00, 6
134.00, 6
135.00, 6
136.00, 7
137.00, 0
138.00, 0
139.00, 0
140.00, 0
141.00, 0
142.00, 0
143.00, 0
144.00, 0
145.00, 0
146.00, 2
147.00, 2
148.00, 2
149.00, 2
150.00, 2
151.00, 2
152.00, 2
153.00, 2
154.00, 2
155.00, 2
156.00, 2
157.00, 2
158.00, 2
159.00, 2
160.00, 2
161.00, 2
162.00, 2
163.00, 2
164.00, 4
165.00, 4
166.00, 4
167.00, 4
168.00, 4
169.00, 4
170.00, 4
171.00, 4
172.00, 4
173.00, 4
174.00, 4
175.00, 4
176.00, 4
177.00, 4
178.00, 4
179.00, 4
180.00, 4
181.00, 4
182.00, 4
183.00, 4
184.00, 4
185.00, 4
186.00, 1
187.00, 1
188.00, 1
189.00, 1
190.00, 1
191.00, 1
192.00, 1
193.00, 1
194.00, 1
195.00, 1
196.00, 1
197.00, 1
198.00, 1
199.00, 1
200.00, 1
201.00, 1
202.00, 1
203.00, 1
204.00, 1
205.00, 6
206.00, 6
207.00, 6
208.00, 6
209.00, 6
210.00, 6
211.00, 6
212.00, 6
213.00, 6
214.00, 6
215.00, 6
216.00, 6
217.00, 6
218.00, 6
219.00, 6
220.00, 6
221.00, 6
222.00, 6
223.00, 6
224.00, 6
225.00, 6
226.00, 6
227.00, 6
228.00, 6
229.00, 6
230.00, 6
231.00, 6
232.00, 6
233.00, 6
234.00, 6
235.00, 6
236.00, 6
237.00, 6
238.00, 6
239.00, 6
240.00, 6
241.00, 6
242.00, 6
243.00, 6
244.00, 6
245.00, 6
246.00, 6
247.00, 6
248.00, 6
249.00, 6
250.00, 6
251.00, 6
252.00, 6
253.00, 6
254.00, 6
255.00, 6
256.00, 6
257.00, 6
258.00, 6
259.00, 6
260.00, 6
261.00, 6
262.00, 6
263.00, 6
264.00, 6
265.00, 6
266.00, 6
267.00, 6
268.00, 6
269.00, 6
270.00, 6
271.00, 6
272.00, 6
273.00, 6
274.00, 6
275.00, 6
276.00, 6
277.00, 6
278.00, 6
279.00, 6
280.00, 6
281.00, 6
282.00, 6
283.00, 6
284.00, 7
285.00, 7
286.00, 7
287.00, 7
288.00, 7
289.00, 7
290.00, 7
291.00, 7
292.00, 7
293.00, 7
294.00, 7
295.00, 7
296.00, 7
297.00, 7
298.00, 7
299.00, 7
300.00, 7
301.00, 7
302.00, 7
303.00, 7
304.00, 7
305.00, 7
306.00, 7
307.00, 7
308.00, 7
309.00, 7
310.00, 7
311.00, 7
312.00, 7
313.00, 7
314.00, 7
315.00, 7
316.00, 7
317.00, 7
318.00, 7
319.00, 7
320.00, 7
321.00, 7
322.00, 7
323.00, 7
324.00, 7
325.00, 7
326.00, 1
327.00, 1
328.00, 1
329.00, 1
330.00, 1
331.00, 1
332.00, 1
333.00, 1
334.00, 1
335.00, 1
336.00, 1
337.00, 1
338.00, 1
339.00, 1
340.00, 1
341.00, 1
342.00, 1
343.00, 1
344.00, 1
345.00, 8
346.00, 8
347.00, 8
348.00, 8
349.00, 8
350.00, 8
351.00, 8
352.00, 8
353.00, 8
354.00, 8
355.00, 8
356.00, 8
357.00, 8
358.00, 8
359.00, 8
360.00, 8
361.00, 8
362.00, 8
363.00, 8
364.00, 8
365.00, 8
366.00, 8
367.00, 8
368.00, 8
369.00, 8
370.00, 8
371.00, 8
372.00, 8
373.00, 8
374.00, 8
375.00, 8
376.00, 8
377.00, 8
378.00, 8
379.00, 8
380.00, 8
381.00, 8
382.00, 8
383.00, 8
384.00, 8
385.00, 8
386.00, 8
387.00, 8
388.00, 8
389.00, 8
390.00, 8
391.00, 8
392.00, 8
393.00, 8
394.00, 8
395.00, 8
396.00, 8
397.00, 8
398.00, 8
399.00, 8
400.00, 8
401.00, 8
402.00, 4
403.00, 4
404.00, 4
405.00, 4
406.00, 4
407.00, 4
408.00, 4
409.00, 4
410.00, 4
411.00, 1
412.00, 1
413.00, 1
414.00, 1
415.00, 1
416.00, 1
417.00, 1
418.00, 1
419.00, 1
420.00, 1
421.00, 1
422.00, 1
423.00, 1
424.00, 1
425.00, 1
426.00, 1
427.00, 1
428.00, 1
429.00, 1
430.00, 1
431.00, 1
432.00, 1
433.00, 1
434.00, 1
435.00, 1
436.00, 1
437.00, 1
438.00, 1
439.00, 1
440.00, 1
441.00, 1
442.00, 1
443.00, 1
444.00, 1
445.00, 1
446.00, 1
447.00, 1
448.00, 1
449.00, 1
450.00, 1
451.00, 1
452.00, 1
453.00, 4
454.00, 4
455.00, 4
456.00, 4
457.00, 4
458.00, 4
459.00, 4
460.00, 4
461.00, 4
462.00, 4
463.00, 4
464.00, 4
465.00, 4
466.00, 4
467.00, 4
468.00, 4
469.00, 4
470.00, 6
471.00, 6
472.00, 6
473.00, 6
474.00, 6
475.00, 6
476.00, 6
477.00, 6
478.00, 6
479.00, 6
480.00, 6
481.00, 6
482.00, 6
483.00, 6
484.00, 6
485.00, 6
486.00, 6
487.00, 7
488.00, 7
489.00, 7
490.00, 7
491.00, 7
492.00, 7
493.00, 7
494.00, 7
495.00, 7
496.00, 7
497.00, 7
498.00, 7
499.00, 7
500.00, 7
501.00, 7
502.00, 7
503.00, 7
504.00, 7
505.00, 7
506.00, 7
507.00, 7
508.00, 7
509.00, 7
510.00, 7
511.00, 7
512.00, 7
513.00, 7
514.00, 7
515.00, 7
516.00, 7
517.00, 7
518.00, 7
519.00, 7
520.00, 7
521.00, 7
522.00, 7
523.00, 7
524.00, 7
525.00, 7
526.00, 7
527.00, 7
528.00, 7
529.00, 7
530.00, 7
531.00, 7
532.00, 7
533.00, 7
534.00, 7
535.00, 7
536.00, 7
537.00, 7
538.00, 7
539.00, 7
540.00, 7
541.00, 7
542.00, 7
543.00, 7
544.00, 7
545.00, 7
546.00, 7
547.00, 7
548.00, 7
549.00, 7
550.00, 7
551.00, 7
552.00, 1
553.00, 1
554.00, 1
555.00, 1
556.00, 1
557.00, 1
558.00, 1
559.00, 1
560.00, 1
561.00, 1
562.00, 1
563.00, 1
564.00, 1
565.00, 1
566.00, 1
567.00, 1
568.00, 1
569.00, 1
570.00, 1
571.00, 1
572.00, 1
573.00, 1
574.00, 1
575.00, 1
576.00, 1
577.00, 1
578.00, 1
579.00, 7
580.00, 7
581.00, 7
582.00, 7
583.00, 7
584.00, 7
585.00, 7
586.00, 6
587.00, 6
588.00, 6
589.00, 6
590.00, 6
591.00, 6
592.00, 6
593.00, 6
594.00, 4
595.00, 4
596.00, 4
597.00, 4
598.00, 4
599.00, 4
600.00, 4
601.00, 4
602.00, 4
603.00, 4
604.00, 4
605.00, 4
606.00, 4
607.00, 4
608.00, 4
609.00, 4
610.00, 4
611.00, 4
612.00, 4
613.00, 4
614.00, 4
615.00, 4
616.00, 4
617.00, 4
618.00, 4
619.00, 4
620.00, 4
621.00, 4
622.00, 4
623.00, 4
624.00, 4
625.00, 4
626.00, 4
627.00, 2
628.00, 2
629.00, 2
630.00, 2
631.00, 2
632.00, 2
633.00, 2
634.00, 2
635.00, 2
636.00, 2
637.00, 2
638.00, 2
639.00, 2
640.00, 2
641.00, 2
642.00, 2
643.00, 2
644.00, 2
645.00, 2
646.00, 5
647.00, 5
648.00, 5
649.00, 5
650.00, 5
651.00, 5
652.00, 5
653.00, 5
654.00, 5
655.00, 5
656.00, 5
657.00, 5
658.00, 5
659.00, 5
660.00, 5
661.00, 5
662.00, 5
663.00, 5
664.00, 5
665.00, 5
666.00, 5
667.00, 5
668.00, 5
669.00, 5
670.00, 5
671.00, 5
672.00, 5
673.00, 5
674.00, 5
675.00, 5
676.00, 5
677.00, 5
678.00, 5
679.00, 5
680.00, 5
681.00, 5
682.00, 5
683.00, 5
684.00, 5
685.00, 5
686.00, 5
687.00, 5
688.00, 5
689.00, 5
690.00, 5
691.00, 5
692.00, 5
693.00, 5
694.00, 5
695.00, 5
696.00, 5
697.00, 5
698.00, 5
699.00, 5
700.00, 5
701.00, 5
702.00, 5
703.00, 5
704.00, 5
705.00, 5
706.00, 5
707.00, 5
708.00, 5
709.00, 5
710.00, 5
711.00, 5
712.00, 5
713.00, 5
714.00, 5
715.00, 5
716.00, 5
717.00, 5
718.00, 5
719.00, 5
720.00, 5
721.00, 5
722.00, 5
723.00, 5
724.00, 5
725.00, 5
726.00, 5
727.00, 5
728.00, 5
729.00, 5
730.00, 5
731.00, 5
732.00, 5
733.00, 5
734.00, 5
735.00, 5
736.00, 5
737.00, 5
738.00, 5
739.00, 5
740.00, 5
741.00, 5
742.00, 5
743.00, 5
744.00, 5
745.00, 2
746.00, 2
747.00, 2
748.00, 2
749.00, 2
750.00, 2
751.00, 2
752.00, 2
753.00, 2
754.00, 2
755.00, 2
756.00, 2
757.00, 2
758.00, 2
759.00, 2
760.00, 2
761.00, 2
762.00, 2
763.00, 2
764.00, 2
765.00, 2
766.00, 2
767.00, 2
768.00, 2
769.00, 2
770.00, 2
771.00, 2
772.00, 2
773.00, 2
774.00, 2
775.00, 2
776.00, 2
777.00, 2
778.00, 2
779.00, 2
780.00, 2
781.00, 2
782.00, 2
783.00, 2
784.00, 2
785.00, 2
786.00, 2
787.00, 0
788.00, 0
789.00, 0
790.00, 0
791.00, 0
792.00, 0
793.00, 0
794.00, 0
795.00, 0
796.00, 0
797.00, 0
798.00, 0
799.00, 0
800.00, 0
801.00, 0
802.00, 0
803.00, 0
804.00, 0
805.00, 0
806.00, 0
807.00, 0
808.00, 0
809.00, 0
810.00, 0
811.00, 0
812.00, 0
813.00, 0
814.00, 0
815.00, 0
816.00, 0
817.00, 0
818.00, 0
819.00, 6
820.00, 6
821.00, 6
822.00, 6
823.00, 6
824.00, 6
825.00, 6
826.00, 6
827.00, 6
828.00, 6
829.00, 6
830.00, 6
831.00, 6
832.00, 6
833.00, 6
834.00, 6
835.00, 6
836.00, 6
837.00, 6
838.00, 6
839.00, 6
840.00, 6
841.00, 6
842.00, 6
843.00, 6
844.00, 6
845.00, 6
846.00, 6
847.00, 6
848.00, 6
849.00, 6
850.00, 6
851.00, 6
852.00, 6
853.00, 6
854.00, 6
855.00, 6
856.00, 6
857.00, 6
858.00, 6
859.00, 6
860.00, 6
861.00, 6
862.00, 6
863.00, 6
864.00, 6
865.00, 6
866.00, 6
867.00, 6
868.00, 6
869.00, 6
870.00, 6
871.00, 6
872.00, 6
873.00, 6
874.00, 6
875.00, 6
876.00, 6
877.00, 6
878.00, 6
879.00, 6
880.00, 6
881.00, 6
882.00, 6
883.00, 7
884.00, 0
885.00, 0
886.00, 0
887.00, 0
888.00, 0
889.00, 0
890.00, 0
891.00, 0
892.00, 0
893.00, 0
894.00, 0
895.00, 0
896.00, 0
897.00, 0
898.00, 0
899.00, 0
900.00, 0
901.00, 0
902.00, 0
903.00, 0
904.00, 0
905.00, 0
906.00, 0
907.00, 0
908.00, 0
909.00, 0
910.00, 0
911.00, 0
912.00, 0
913.00, 0
914.00, 0
915.00, 0
916.00, 0
917.00, 0
918.00, 0
919.00, 0
920.00, 0
921.00, 0
922.00, 0
923.00, 0
924.00, 0
925.00, 0
926.00, 0
927.00, 0
928.00, 0
929.00, 0
930.00, 0
931.00, 0
932.00, 0
933.00, 0
934.00, 0
935.00, 0
936.00, 0
937.00, 0
938.00, 0
939.00, 0
940.00, 0
941.00, 0
942.00, 0
943.00, 0
944.00, 0
945.00, 0
946.00, 0
947.00, 0
948.00, 0
949.00, 0
950.00, 0
951.00, 0
952.00, 0
953.00, 0
954.00, 0
955.00, 0
956.00, 0
957.00, 0
958.00, 0
959.00, 0
960.00, 0
961.00, 0
962.00, 0
963.00, 0
964.00, 0
965.00, 0
966.00, 0
967.00, 2
968.00, 2
969.00, 2
970.00, 2
971.00, 2
972.00, 2
973.00, 2
974.00, 2
975.00, 2
976.00, 2
977.00, 2
978.00, 2
979.00, 2
980.00, 2
981.00, 2
982.00, 2
983.00, 2
984.00, 2
985.00, 2
986.00, 2
987.00, 2
988.00, 2
989.00, 2
990.00, 2
991.00, 2
992.00, 2
993.00, 2
994.00, 2
995.00, 2
996.00, 2
997.00, 2
998.00, 2
999.00, 2